Company Name: Agilent Technologies Inc 
Ticker Symbol: A 
sentiment1: A Private Equity Titan With a Narrow Focus and Broad Aims 
 published on: 2017-11-03 
---sentiment2: Agilent to Buy Dako for $2.2 Billion 
 Earnings, But Without The Bad Stuff 
 published on 2018-04-03 
---sentiment3: Earnings, but Without the Bad Stuff 
 Hewlett-Packard Announces Breakup Plan as Technology Landscape Shifts 
 published on 2016-11-02 
---sentiment4: Highest-Paid Chiefs in 2014 
 Broadcom to Acquire Brocade Communications 
 published on 2014-10-06 
---sentiment5: Morning Agenda: Why Hedge Funds are Closing 
 Chip Maker Broadcom Said To Mull a Bid for Qualcomm 
 published on 2013-09-19 
---
Current Value: 77.47 
Prediction: Increase 
Perecent_correct: 0.6728232189973615 
Predicted Values: 
 [34.68878387][33.58178865][33.8590285][33.69429965][33.91845429][33.88011203][34.07660569][35.48618451][37.41966245][37.22360578][36.42068112][39.12580474][41.01333889][39.40241025][36.01247433][36.65148204][37.59324088][37.31336572][37.92289778][38.9666269][37.50331151][37.54691686][38.20872446][37.95551954][38.70951345][38.8845573][38.48801821][37.73094155][36.34339946][36.25281572][35.06982791][34.38106569][35.87416408][35.82785026][37.71872283][38.28814311][38.36257579][37.94839201][37.61601804][37.24400357][36.15952063][35.70651578][34.98112723][34.37203715][33.63824458][34.09266776][34.31315826][34.10892744][34.94591875][35.27679305][35.08935538][35.68020256][35.82184551][35.39270135][35.26881877][35.61138147][36.90849375][36.70730022][37.20184724][37.80892819][38.59125466][39.55248763][39.47331699][39.84727289][39.54904263][40.47446392][41.28513135][42.24947248][41.96554139][41.44581334][42.5728699][44.09390974][44.30623478][43.06601579][43.15547164][43.50326039][44.27826761][44.52099176][45.36150732][45.14361148][45.11722127][45.27553801][45.51251301][44.59369417][44.78421161][44.30480546][44.58992533][43.97845931][44.15523337][43.47704823][43.24703407][43.64907814][43.90026009][43.60295466][43.997816][44.28408785][44.43922805][44.4749196][43.7502576][42.76618545][43.58998554][44.64335259][44.99234915][44.61628193][45.11798667][45.47943451][45.98708532][46.20707637][45.86474448][45.39047151][45.27856079][44.27746518][44.43611988][45.38085925][46.02649032][45.52512239][44.7388492][45.08028551][45.19984484][45.27542173][44.55386108][44.84464581][44.31679136][43.56890297][43.22689016][43.66567917][43.31220946][42.83497073][43.00013768][42.79913631][42.706615][42.78258731][41.75522844][40.64192097][41.40343829][42.13446585][42.87507114][42.8746503][43.15199759][43.33935982][43.22991135][42.22215382][41.29108671][40.96804384][40.41850515][40.83930158][40.18778079][39.50952456][41.41254022][40.89854635][41.55957971][40.08498153][40.07986648][41.00471792][41.02797089][41.41950898][41.57744145][42.3714295][41.95267831][41.65928214][39.39365624][38.72219982][38.61424509][39.85918067][40.78022032][40.12198875][40.15755767][39.7469263][39.77939387][39.80273632][40.33953777][40.49098771][41.39674432][41.50467384][40.72031239][39.79572983][38.66606003][38.53152794][38.93650371][38.42266996][39.40467231][39.78574487][39.79971446][39.92447848][38.97885743][38.39631518][38.53439083][37.8793828][37.23918395][37.47479041][37.37902782][37.67236405][38.54540397][38.85441591][38.44552389][37.25711509][36.76461552][36.6744627][37.48087843][38.1007954][38.58437695][38.79181315][38.99220652][38.41289168][39.48350114][40.05253963][40.48469941][40.98495942][41.19397866][40.92553522][40.87283884][41.10648855][40.97329263][38.06370163][37.70831541][37.42491419][37.54278782][37.79088198][37.8796885][38.16307474][38.14933341][37.7245149][37.64172074][37.54042343][37.79053131][37.62767258][37.4644425][37.83860349][38.61110921][38.88382731][38.56750951][38.33121816][38.55841464][39.87247436][40.069415][40.08906242][40.23745916][39.94398576][39.88457701][39.29537803][39.14697494][38.85741165][39.0782058][38.96288983][39.40104269][39.5521951][39.53255767][39.78939676][39.73307483][39.16380944][39.08770111][38.40262623][38.31410701][38.02084937][37.84322793][38.24202257][38.55133502][37.73736343][36.70683327][36.39761561][36.02242816][36.29908228][36.64796232][36.61164098][36.58871733][37.23146303][37.70809239][37.8996582][38.58130422][38.2152969][37.82971827][37.36271978][37.47437409][37.08245829][36.9079591][36.65103554][36.2956843][37.95884734][36.85233512][36.68392642][37.11931019][37.67255188][38.71698009][38.15993728][38.78523115][38.82801612][38.91966536][38.5514036][39.02905774][38.98252408][38.72210101][38.78553254][39.89863086][40.80732573][40.6287463][40.37561861][40.92591339][41.7095306][41.60325387][41.525232][41.34388871][41.45902525][41.49171129][41.20196472][40.57354389][40.95418621][42.47624788][42.44025426][43.04650964][43.04605812][42.88456871][43.65548093][44.1920194][44.07661281][43.88914335][43.61915345][43.53667319][44.36006606][44.49832178][44.79172274][44.86032767][45.17498294][45.55559102][45.62935388][45.2290843][44.9953617][45.03854144][45.70685677][45.04782915][45.24270798][45.34804126][45.3577698][45.5322238][45.35076469][45.16330182][45.30166954][45.06455077][43.71045087][43.17497733][43.03913681][42.37403004][42.30516824][42.27176134][41.37678916][41.9516306][42.17986663][42.10476238][42.39096811][43.12857269][43.64223654][43.73098037][43.73731072][43.32917454][43.20074228][43.26368141][43.63239829][43.50045609][42.9671146][42.89748538][42.97555741][42.68665599][42.01837903][41.83539875][42.0881107][42.29900574][42.44672497][41.98755409][41.46191812][41.13284265][41.5549182][41.78537277][42.02295667][42.24256343][42.52282969][43.76810823][44.73440079][44.40514434][43.91865673][43.1871336][42.35460543][42.44025994][42.44666933][42.95164737][43.26184945][43.40152062][42.50534292][42.00213867][41.84432159][41.90008822][41.97259941][42.41359358][42.25941519][42.73010871][43.15836858][43.49898002][43.91899786][43.73076938][44.05428944][46.04962203][45.78219382][45.83218177][46.77408805][47.01757369][47.15627367][46.14801579][45.90774888][46.83638554][46.48060915][46.78667854][46.2991571][46.02606786][46.36978397][45.44282473][45.20982253][45.7725668][45.50879254][44.7914234][44.88233145][44.68301966][44.67914792][44.91610666][45.03524703][44.75420453][43.23988427][43.3294941][42.89782196][42.83560757][43.30245797][43.36909146][43.41309045][43.85645233][43.87892311][43.54021971][44.37522099][44.84399033][45.09096597][45.56552874][46.15459211][46.18419678][46.38367167][46.51008755][46.24327508][46.22716235][46.456097][46.97484363][46.88897563][47.0931115][47.07331533][46.50976141][45.90416604][45.69643437][45.3904295][46.27342915][46.66845675][46.55281987][46.42962412][46.55983475][46.65140399][46.5301783][46.63566965][47.12955141][47.10605838][47.9092726][47.28401573][47.01719009][47.25471359][47.36303783][48.06506737][48.21246703][48.14837867][47.48812367][47.2082208][47.16559159][47.18180856][47.50128676][47.92340683][48.19607837][47.9786697][48.19588862][48.74638041][49.18095881][49.14106211][48.88430569][49.31226304][49.29276984][49.46425829][52.73253542][52.14333856][52.22321725][51.9961534][52.1345997][52.33870991][52.14091755][51.58632426][51.84867696][51.91054203][51.6863297][51.89115035][51.64369164][51.1755787][50.49114133][51.1239518][51.62769498][51.62087495][51.34405231][51.8778049][52.48103387][53.32323219][52.99654971][52.05805711][51.06091977][51.29833697][51.99318604][52.03878511][51.99297618][51.86407402][51.37356524][51.49244202][51.64372002][51.54176655][52.92704752][51.07186707][50.91976072][51.40712841][51.55821109][51.42338625][51.27461841][55.14794711][54.74546013][54.15308599][54.13140448][54.40672062][54.35368287][54.04372449][53.87662606][54.12339046][54.05734317][53.7148909][53.27710349][53.6825485][53.81392199][54.75952146][55.3418827][55.48029515][55.53569476][55.3816161][55.71369504][55.66771396][56.7677614][57.66074463][57.80799441][57.58387997][57.76371924][57.66306491][57.68640397][57.49196233][57.49545092][57.61367837][57.02715333][57.10867081][57.46517354][57.56143895][58.2960773][58.7004923][59.01685575][59.13195254][59.85342304][60.35876902][60.5940624][60.96593401][60.98256433][61.16363076][60.33643114][59.04868625][58.39778138][58.6969365][58.05748952][59.54078328][58.83848461][57.8068534][57.55542862][57.78497673][58.25969916][59.31188199][59.43464303][59.76780305][60.30075208][60.15630499][56.9474565][55.76306318][56.10290787][57.21111668][57.21812046][56.95213651][57.307624][57.45253691][57.10960633][57.05432233][56.87655736][57.88088172][58.04854975][59.02668651][59.09194525][58.46661502][58.00812934][57.11034446][57.02687671][55.9145892][56.19794092][56.75158052][57.05726924][56.94876306][57.23774086][56.09200851][55.86177813][55.759774][55.53875432][55.17698646][55.88561933][56.62276533][56.82369561][57.06051504][56.86209926][55.43318803][54.87440318][55.77977979][55.32992753][53.76715397][53.29948896][53.37274638][53.92917277][54.68039262][54.94993895][55.3352889][55.26609821][55.58544264][55.2094967][54.75491023][53.64590668][54.10726821][54.6801655][54.92684769][55.24190563][55.42401137][55.34168986][55.73042462][55.66781093][56.43545873][57.03769836][56.70113152][55.32513703][55.09844176][55.27789734][54.96271366][55.15099302][55.65817187][56.25089326][56.59302211][57.14006724][57.39307455][57.19568123][57.16926126][57.3671479][57.53506349][58.47394516][59.15515283][59.48106108][59.29633958][58.99059727][58.9669055][58.8354725][58.78594355][58.98072428][59.34614062][59.3158889][58.75864644][58.76268082][58.26557619][58.10468795][58.16694209][57.933212][57.78173297][58.35173785][58.46333812][58.60186526][58.39750202][57.85214353][57.23177591][56.73797682][56.7841866][57.15935739][56.97169875][57.20227436][56.27280966][56.17526868][56.73347549][57.8447398][58.17322566][57.61006919][56.8219018][56.66536683][56.45787545][56.82881358][56.52709247][56.31331048][56.51405452][55.98673337][55.75356424][55.9141302][55.53269582][55.6708798][55.04827279][54.99286887][55.58590937][58.7325631][58.50336518][58.81247207][58.55890808][58.48293124][58.07138801][58.13402144][58.04527056][58.00531141][57.49199572][57.54787341][58.0127685][58.45013369][58.30835712][58.06186887][57.98917984][57.86065718][57.92013021][57.82462541][58.48703102][58.51244166][58.15721513][58.82943037][59.19721403][58.88453608][58.166685][57.45560646][57.84167364][57.79433963][56.96825036][57.01484884][57.41611903][56.88570561][56.29978946][56.94248337][57.1525292][56.09503492][56.2480999][56.09833205][54.77457173][53.84616335][53.01287525][51.80242015][51.82545919][52.89183944][52.5462483][53.89353529][53.82327307][54.09708271][54.21248951][54.27158574][54.73617105][54.84117204][54.45949081][55.5426524][41.08076426][40.84636892][40.89224506][41.47101412][41.67925683][41.76548118][42.17024802][41.8409838][41.98900943][41.93651267][41.91313161][41.15627846][41.39961538][41.49784772][42.52939715][42.7957179][43.03313874][43.15643986][43.21567101][42.73587514][42.29882631][42.59511058][42.76625178][42.73989154][42.48584153][41.68637073][41.43523584][41.18565647][40.60574453][40.07174145][39.19346274][39.8001151][41.08036588][41.65018816][42.12108563][42.19285665][41.76991734][41.84091521][41.83099362][41.80146799][41.78461919][41.4321874][40.61890579][40.10184918][40.10893968][41.1234214][41.28085328][40.90210851][40.66475015][39.50296526][39.35657082][38.63056471][38.78806655][38.55811325][39.77690482][39.77247073][39.47681307][39.34160077][39.13021676][38.75902104][38.48527977][38.89750913][39.86550124][39.73660021][39.95753199][39.9967437][39.67075754][40.01355049][40.02631589][40.31654508][40.56994168][40.77759159][42.02880372][41.78475704][42.12457719][42.26558087][42.33344015][42.7430583][41.65962926][42.69040824][42.99032601][42.82535073][42.4402286][42.55229785][42.24895146][42.13078374][41.45526072][41.33875644][41.52484066][41.5102791][42.00921261][42.00557548][42.38789379][42.57201386][42.7759626][42.6542795][42.18929516][41.6381355][41.20207874][41.38018735][42.10773404][41.94641792][41.86719822][42.28906483][42.34155114][42.7006301][42.82536118][42.81248949][43.69193764][43.79324065][43.4676465][43.79363424][43.59928777][43.31625152][43.7078773][43.65824048][43.15145998][43.02973804][43.06571394][42.89414804][42.52270205][42.46978558][42.12050308][42.13091298][42.37108472][42.12729515][42.17660742][42.15384503][42.81904446][43.00999955][42.6572489][42.48613996][42.55376188][42.5488045][42.85873539][42.65797501][43.04542692][42.93726919][42.87828606][42.78898283][43.00017835][42.70318592][42.01175343][41.6726444][41.47878055][41.66953736][41.2545378][40.92862023][40.61245461][40.55348033][40.92554408][40.98801694][40.6452667][40.02645056][40.1616422][40.15154686][40.34762582][40.17449754][40.30640477][40.24366504][40.4648746][40.5502082][40.49082078][39.81522373][39.39067184][39.58712985][39.96078528][39.81260976][40.13533466][39.67372172][39.6113924][39.81254298][40.32301578][40.82364331][40.78040405][40.803625][40.58614707][40.51057085][40.27981878][40.44201749][40.75417304][40.29273794][39.86878679][40.73145608][40.96491841][41.17943558][41.46215227][41.432623][41.38626061][41.36657457][41.09618699][40.54007969][40.87291583][40.36191067][39.45674594][39.25574457][39.11110919][39.17556187][39.92761074][39.0763325][38.3962089][37.41631924][35.34442522][35.88650115][36.04226772][36.96440049][37.0102587][36.90559521][35.69600845][35.9730407][36.30561454][35.68977076][36.56920709][36.75276757][36.31556657][36.3386551][36.33165522][36.54121772][36.98243717][37.14178415][36.41741739][36.38440747][35.67651614][35.58430893][35.07729496][35.21543284][34.42482824][34.22464858][34.77779101][34.67849284][34.67642965][35.7426393][35.56779739][35.98961903][36.30261425][36.64488232][36.55858336][36.35483983][35.96930116][35.94359502][36.30888555][36.52648794][36.7897187][36.81883916][36.82911212][37.42547881][37.43820673][37.39242551][37.85676485][38.10360034][38.3142217][38.80856293][38.81469977][38.83119882][38.80486403][38.67644176][38.46561213][38.46737755][38.4653723][37.99815919][37.70463288][37.65267098][38.24943425][39.48371531][39.55683976][39.57732386][40.22780965][40.82389132][41.55813675][42.23641092][42.35120178][42.24852154][41.39922588][40.93175134][41.26349503][41.32377071][41.43619314][41.75508833][41.70274601][40.9843989][40.76083613][41.3041803][41.74893558][41.73174882][40.87904837][41.23847209][41.60063627][42.15710127][42.46674646][42.36431785][42.70708717][42.70351909][42.42366347][41.39612269][41.1624421][41.07392698][40.19374025][39.60954751][38.96242221][38.84750619][38.34620301][37.93587259][37.57683859][38.04390839][37.64607514][37.9288477][38.47559801][38.1364992][38.24153063][37.91224237][37.34867095][37.72219053][38.12504612][37.7279935][37.73461296][37.91261983][37.33545904][35.88025277][35.6048142][36.54601456][35.83806915][36.57249582][37.45497469][37.53860556][38.08336289][37.800782][38.48552483][38.04718031][37.67257959][38.11005901][38.20873467][38.00452838][38.7428411][39.37483167][39.55579588][39.78953394][39.81927874][39.17309966][38.72900301][38.66971146][39.41845162][39.4963794][38.9758928][39.16922721][39.70064793][40.42873177][40.38188422][40.25719765][40.21723236][39.78300009][40.03637466][40.33980714][40.77713622][40.41497544][40.51100239][40.7079426][40.05914479][40.3563548][40.2501612][40.16471199][40.18758114][40.11393841][40.82734881][41.32385656][41.2943609][41.5745102][41.85088951][41.94961671][42.21488929][42.32484404][42.14049707][42.08096591][41.96944832][41.8128409][41.37659837][41.96303053][41.76181362][41.26115068][41.29446288][41.71609033][41.94944024][42.23962968][43.01328739][43.14824916][43.09551734][43.26690677][45.27172829][44.87685012][44.85745799][45.35770894][45.17639541][45.39407253][45.74643277][45.92404125][46.09876325][46.25013415][46.28805807][46.34226437][46.12493997][46.22051903][46.19405819][46.38202662][46.43783571][45.98312319][45.61758556][45.22117318][45.50906099][45.53754276][45.76269697][46.37552912][46.58591948][46.56940045][46.9680361][44.95402687][43.58856197][43.35588499][44.14603468][44.52499704][44.95939692][44.51437523][44.60081195][44.91641613][45.6610081][45.95358188][46.67200281][46.97107137][47.22473393][47.20813131][47.10469859][47.22824818][47.39273516][47.27396808][47.04357734][46.73391581][47.05068058][47.58054915][47.82096255][48.2574524][48.36067435][47.88302091][47.46514846][47.44847817][47.71564039][47.82715798][47.7337159][47.87018078][48.31172206][48.4317172][48.73636047][48.69010617][48.88756194][47.3234398][47.66990757][48.02095591][48.21103639][47.75756851][47.4589042][47.84376469][47.98881206][47.8731427][47.43872418][47.42231621][47.54732824][47.33017077][47.45859303][47.42560811][46.32808655][45.74693448][45.59121215][45.35761014][45.69061209][45.55490557][45.47625391][46.02307894][46.44438637][46.93187601][46.98448679][46.94822789][46.99437294][47.45543718][47.2540002][47.31236714][47.40606631][47.40901686][47.50802137][47.5871559][47.73849182][48.14024043][47.03614072][46.04737304][45.47313596][45.72301877][45.59811348][46.01611697][46.21749763][46.44273655][45.99646705][46.25005988][45.15572577][43.92195636][44.22786539][43.87578201][43.91884728][44.15892614][43.87246988][44.04731066][44.68464406][45.84876144][46.04595286][46.17135008][47.3468438][47.01706926][46.59170363][45.93726636][47.10607909][46.44093184][46.07499723][45.50902397][45.22238739][44.91013961][45.24747754][44.64585776][44.61401433][44.92911863][44.17830669][44.17928852][44.85077969][45.1438177][45.21636228][45.90150053][46.53020146][46.70773888][46.78685794][46.80308673][46.82001753][46.82917488][46.20367546][46.44462235][46.55620648][46.36534814][46.52345979][46.86098647][46.66118728][46.1314963][46.07213751][46.74103154][47.47841352][47.23104225][47.90059879][48.56339073][48.653731][49.24071666][49.09490093][49.03591098][48.79379054][48.87424897][48.25519868][48.12689269][47.94248395][48.11027828][48.47324895][48.66690634][48.92244356][48.5611788][49.04133285][49.64850603][49.24661887][49.62875003][49.57597642][49.92506724][50.08661661][50.75824474][50.78758685][50.97859009][50.73836293][51.82191744][51.68940949][51.59829971][51.89060141][51.74690128][51.79202727][51.93710644][52.06526594][51.77870022][52.25654444][52.11759622][52.08542619][51.85762012][51.53030598][51.70154051][51.76567158][52.34712274][52.62858888][52.51643286][54.33454467][53.77406528][53.56701699][53.6359065][53.49188724][53.39912501][53.59986248][53.98776527][53.33015964][53.71184927][53.53385945][53.53574638][53.32636966][53.37277635][53.28991545][53.15524074][53.29712247][53.26379436][53.23087781][53.08290101][53.08263188][52.77651186][53.53277404][53.4845381][53.54694781][53.55358386][53.57346997][54.5533944][55.16395101][55.29882082][55.53137761][55.4798886][56.00049332][56.15184763][56.26650268][56.77773793][57.04074634][56.82333699][56.95223394][56.91209218][56.47784946][56.47120137][56.73829751][58.07387775][56.38196356][56.24066075][56.41195501][56.60265323][59.67117766][59.22119173][59.70138599][59.67863927][60.31448886][60.38365502][60.683233][61.09441988][60.85709057][60.44403971][60.73077349][60.67758062][60.17501713][59.37543482][59.5238252][59.75740541][59.43480541][59.74770571][60.44957739][60.77815683][60.3927081][60.63051004][60.49790374][59.84936552][59.38853454][59.64891218][59.45421232][59.48766624][59.75720896][59.85991715][59.67502917][59.93207608][59.98329049][60.16900156][60.8608533][61.4203874][61.65270799][61.82870255][61.5618785][61.61472956][61.49586414][61.43719126][61.6542883][61.4263621][60.55055267][60.17575003][60.25812786][60.42562648][60.27439344][60.36022578][60.50183475][60.64304945][60.81823681][60.77467233][60.17875509][59.33553064][59.43845118][60.00765251][59.8429232][62.39510324][61.80826932][61.41409954][61.77642066][62.77113731][63.10144606][63.05027479][63.18201984][63.52313981][63.5314225][63.88379636][64.64786927][64.94677228][64.39734644][64.82206502][65.20247414][65.40471585][66.07362485][66.3860173][65.970891][65.73761036][66.03721265][66.26754547][66.39921763][66.36291581][66.09305105][66.0798019][65.59513562][64.68333007][64.57177909][64.41676925][64.29358621][64.87170049][65.45094449][65.73450378][65.9612224][66.25148862][66.71213223][66.81741576][66.86023008][67.36131138][67.57442814][67.25853165][66.59979293][66.57547496][66.8687635][67.42009419][67.47906415][67.48921877][68.02561303][67.78238965][68.01947048][67.83148412][68.06893334][68.30573619][68.2828273][68.46077306][68.39802198][68.48691004][68.26634142][67.88079321][69.41231541][67.09116295][67.50924071][67.48263768][68.48108754][68.88225152][69.89011922][70.31768978][69.14196121][69.27097648][69.41231541][70.42047224][70.07298881][69.33996639][69.36581562][68.20207369][66.45168988][66.1193695][66.60754404][67.3863362][67.48893806][67.17313695][67.28799052][66.94562591][67.54561112][68.223161][67.92718674][67.94982241][67.74931047][67.54509805][67.43320094][67.42011781][67.55179427][67.44608036][67.7296944][68.88967274][69.45789382][69.64673098][70.10065653][71.63886454][71.27892728][71.01911448][71.48736257][71.9472785][72.06981806][72.33304472][72.95081563][73.42318826][73.87210852][73.71931287][74.18675243][74.65814615][74.6776087][73.70556906][73.88047889][73.2877534][72.14796941][70.24697564][68.1683978][68.52800301][67.19753697][67.07133271][68.39858821][68.35216741][69.20590423][73.997432][72.25070598][71.52273343][71.73375886][71.43345224][71.12428173][70.98270683][70.2837805][69.40842802][68.30186674][67.43363407][67.64414777][68.19078429][69.04974696][70.01163176][71.01967888][71.19669436][71.11776175][70.77150951][70.37053061][70.11691688][69.87955329][69.96222022][69.85650063][68.53885787][67.3598172][67.98537607][68.12381514][67.10014042][67.1764509][66.12784961][65.53350015][65.2063434][66.05011819][64.8672008][65.57286222][66.63006056][66.33015779][67.23272469][67.55489178][68.21055322][68.71077374][69.72201307][69.08861528][68.03881834][68.23688666][67.07933719][66.62920093][66.55740288][66.50130874][66.40538401][66.18558577][66.36624749][66.30081339][66.86412091][67.60457745][67.39224835][68.06260482][68.70143356][69.4848584][69.86303426][62.96508887][62.63456154][63.30664938][64.31852105][65.55014978][65.56896571][64.71018497][64.70969144][63.87312619][62.53951877][62.81685311][62.62186503][62.97811995][63.49835603][63.75839641][64.83927701][65.69445084][65.93187281][66.29742497][66.38958902][66.61968427][66.51114879][66.27086145][65.45060243][64.19917571][63.44475376][63.17236875][63.49773987][62.27577588][62.00697629][62.29230129][61.5225814][62.15644823][61.6048929][61.92051186][61.88819806][62.36240198][63.10512838][63.7354991][63.06042078][63.66293818][63.71876136][63.20814728][63.09021123][63.23148224][64.27235555][64.14034179][63.94607186][64.82244343][65.83007603][66.633501][66.49749333][65.64112397][65.99979682][65.77965725][65.26682962][65.79022293][66.3997366][67.57201019][67.84790232][67.36029866][66.75455612][66.5635797][66.7915082][65.80248121][65.52362533][65.32857388][64.84494281][65.14806458][65.54034605][65.90532905][66.10633451][66.36289855][66.90321951][67.09424817][67.4004461][67.50591927][67.48587667][67.31120169][67.40051423][67.55520407][68.14125535][67.8843027][67.92899939][69.1067246][69.25393735][69.53046428][69.17506923][69.48501171][70.73023324][71.25255115][70.49517539][70.52042749][70.68644868][70.79870393][70.79682314][71.22236268][71.59570998][72.09621872][71.61441397][70.77197737][69.90262001][69.52919965][68.57745024][66.27632447][66.56396172][66.07966313][67.19355545][67.37397752][66.79356026][65.6245845][64.73281041][63.04375025][62.75617254][62.48795435][62.70845188][63.44454181][63.38372893][65.16463475][65.33246197][66.22479408][66.22136794][66.25762638][67.80963612][68.13448644][67.63718943][65.75282416][64.92715281][64.44914165][64.46385231][65.11536993][64.21478244][67.49728368][68.1049799][68.04308278][69.23792569][69.32363858][70.98229028][71.70428816][72.24620395][74.27663686][74.2533217][71.72428964][71.39694853][70.63402118][71.79255074][72.35580715][72.02617115][70.19201206][68.9389244][68.57226636][68.15014791][66.10548805][65.03804858][63.22473175][64.81360497][65.94270492][66.79048411][67.19350843][66.36254403][64.98519523][65.29033676][66.74405129][67.96681226][69.11320257][69.70253393][70.09123415][69.98522474][70.49270725][70.71574493][70.66415915][71.88558193][71.46037343][72.18794355][71.98772663][73.41362552][73.13023928][73.79171029][74.9288347][75.85034334][76.25150824][76.13625835][76.19591013][76.35377468][75.71789194][75.55722605][76.14626353][77.01899568][77.34476425][77.07811963][78.04661663][77.91419749][78.25920328][78.01339279][78.30981036][79.31092823][78.96453018][79.02817929][79.40632855][80.82778017][81.05835172][79.87360933][79.46478659][78.79701407][78.09878905][78.97211173][79.82458323][80.30177745][80.38449708][81.05934694][81.0492559][81.33905154][81.14296008][81.53092965][80.66740939][79.43783919][80.62798663][80.03088772][79.57430638][80.34148745][88.33014939][81.46059814][81.7542521][81.49653499][81.45121755][81.57957098][81.49049852][81.71132129][81.54936219][81.41454236][80.77565386][79.72025075][78.18620876][76.13658882][76.06364362][76.15713236][76.77296022][76.328166][77.2627748]
 Actual Values: 
 [33.33] [33.16] [33.02] [33.03] [33.31] [33.13] [34.28] [35.59] [36.95] [35.98] [37.8] [39.835] [39.85] [35.24] [35.82] [36.81] [36.57] [36.8] [38.02] [37.41] [36.9] [37.6] [37.13] [37.96] [37.34] [38.34] [37.5] [35.81] [35.62] [35.01] [33.42] [35.13] [35.37] [36.58] [37.3] [38.39] [37.53] [37.13] [36.67] [36.23] [34.85] [34.81] [34.06] [33.0] [33.53] [33.73] [33.63] [33.99] [34.43] [33.91] [34.84] [35.19] [35.25] [34.14] [34.93] [35.84] [36.15] [35.88] [37.09] [37.62] [38.82] [38.88] [39.14] [39.06] [39.76] [40.0] [41.37] [41.77] [40.88] [40.92] [42.87] [44.27] [42.38] [41.93] [43.33] [43.08] [44.21] [44.4] [44.74] [44.76] [44.7] [45.0] [44.24] [44.69] [43.74] [44.5] [43.0] [44.04] [43.27] [42.55] [42.73] [43.53] [42.71] [43.5] [43.8] [43.74] [44.17] [43.6] [42.29] [42.47] [43.9] [44.24] [44.44] [43.96] [45.14] [45.1] [45.93] [45.45] [45.09] [44.89] [43.99] [43.57] [44.87] [45.05] [45.42] [44.1] [44.76] [44.51] [44.74] [44.34] [43.66] [44.13] [43.5] [42.97] [42.62] [43.21] [42.59] [42.4] [42.29] [42.41] [42.17] [41.36] [40.38] [40.3] [41.12] [42.2] [42.51] [42.03] [42.7] [43.15] [42.15] [40.67] [40.65] [39.66] [40.61] [39.53] [38.87] [40.91] [40.67] [41.9] [40.0] [38.83] [40.06] [40.03] [40.84] [41.02] [41.47] [41.64] [41.46] [39.2] [38.35] [37.61] [38.73] [40.55] [39.62] [40.05] [38.94] [39.2] [39.09] [39.67] [39.85] [40.47] [41.18] [40.69] [39.48] [38.44] [38.0] [38.44] [38.05] [38.35] [39.53] [38.82] [39.26] [38.8] [37.95] [38.17] [37.45] [36.89] [36.55] [36.82] [36.88] [37.13] [38.16] [38.21] [36.82] [36.6] [35.92] [36.94] [36.85] [37.92] [38.03] [38.73] [37.9] [38.54] [39.73] [39.35] [40.29] [40.56] [40.43] [40.27] [40.62] [40.33] [37.5] [37.23] [37.02] [36.9] [37.05] [37.23] [37.26] [37.82] [37.38] [37.07] [36.96] [37.33] [36.97] [37.06] [37.11] [37.48] [38.32] [38.24] [37.92] [37.46] [38.44] [39.46] [39.56] [39.53] [39.55] [39.53] [38.87] [38.86] [38.48] [38.49] [38.48] [38.5] [39.08] [39.0] [39.22] [39.45] [38.59] [38.66] [38.2] [37.77] [37.69] [37.32] [37.47] [37.99] [37.59] [36.47] [35.66] [35.38] [35.64] [36.19] [36.17] [36.0] [36.04] [37.37] [37.0] [37.63] [37.78] [37.58] [36.63] [37.06] [36.66] [36.42] [36.14] [35.79] [37.01] [35.94] [36.32] [36.16] [36.69] [37.36] [37.12] [38.09] [38.37] [38.6] [37.95] [38.14] [38.54] [38.5] [37.8] [38.75] [39.8] [40.39] [39.72] [39.98] [40.76] [41.48] [40.58] [40.68] [40.89] [41.11] [40.82] [40.22] [39.69] [42.17] [41.94] [42.14] [42.6] [42.47] [43.0] [43.64] [43.66] [43.43] [43.07] [43.15] [43.64] [44.05] [43.96] [44.54] [44.56] [44.73] [45.19] [44.96] [44.58] [44.35] [45.08] [44.8] [44.56] [44.72] [44.9] [45.07] [45.17] [44.81] [44.81] [44.72] [43.48] [42.21] [42.84] [42.14] [41.83] [42.09] [40.62] [40.99] [41.78] [41.18] [41.75] [42.35] [43.0] [43.3] [43.5] [42.99] [42.8] [42.56] [43.03] [43.1] [42.46] [42.68] [42.25] [42.45] [41.79] [41.49] [41.4] [41.4] [42.08] [41.83] [41.12] [40.63] [40.54] [40.73] [41.44] [41.73] [41.73] [42.35] [43.54] [44.5] [43.46] [43.08] [41.77] [41.89] [42.03] [42.21] [42.72] [43.05] [42.44] [41.64] [41.2] [41.42] [41.49] [41.93] [41.44] [42.18] [42.4] [42.97] [43.12] [43.43] [42.98] [44.9] [45.43] [45.02] [45.48] [46.3] [46.72] [45.7] [45.36] [46.09] [45.98] [46.21] [45.91] [45.65] [46.175] [45.32] [44.5] [45.16] [45.35] [44.22] [44.78] [43.87] [44.34] [44.38] [44.38] [44.74] [43.11] [42.6] [42.44] [42.01] [43.1] [42.56] [43.0] [43.05] [43.5] [42.82] [43.46] [44.38] [44.6] [44.64] [45.69] [45.78] [45.7] [46.09] [45.95] [45.66] [45.83] [46.23] [46.31] [46.67] [46.62] [46.31] [45.59] [45.55] [45.04] [45.51] [46.06] [46.26] [45.93] [45.88] [46.5] [45.85] [45.89] [46.45] [46.77] [47.59] [46.81] [46.63] [46.43] [46.93] [46.89] [47.96] [47.64] [47.08] [46.88] [46.63] [46.89] [47.04] [46.93] [47.82] [47.71] [47.59] [48.04] [48.6] [48.9] [48.6] [49.06] [48.73] [48.77] [52.92] [51.035] [51.91] [51.61] [51.59] [51.96] [51.84] [51.02] [50.7] [51.59] [51.56] [51.17] [51.34] [51.18] [50.23] [50.29] [50.88] [51.2] [51.08] [51.22] [51.25] [52.93] [53.04] [52.1] [50.76] [50.67] [51.34] [51.79] [51.52] [51.76] [51.15] [50.92] [51.39] [51.18] [51.19] [51.08] [50.14] [50.63] [51.2] [50.89] [51.2] [54.03] [54.45] [53.67] [53.83] [53.8] [54.10000000000001] [54.11] [53.26] [53.78] [53.849999999999994] [53.47] [52.92] [52.84] [53.35] [53.76] [54.8] [54.91] [55.35000000000001] [54.63] [55.36] [55.25] [55.96] [56.5] [57.57] [57.47] [57.45] [57.5] [57.24] [57.23] [57.05] [57.45] [57.1] [56.39] [57.4] [56.95] [57.33] [58.4] [58.51] [58.77] [59.16] [59.82] [60.24] [60.83] [60.69] [60.82000000000001] [60.47999999999999] [59.22] [57.89999999999999] [58.5] [57.67] [58.42] [58.61] [58.150000000000006] [56.32] [57.58] [57.51] [58.46] [59.269999999999996] [59.0] [60.0] [59.45] [57.15] [55.38000000000001] [55.00999999999999] [56.14] [57.25] [56.45] [56.8] [56.98] [57.02] [56.45] [56.12] [57.22] [57.71] [58.39] [59.06] [58.29] [58.23] [56.519999999999996] [57.16] [55.61] [55.68] [55.97] [56.72] [56.53999999999999] [57.18] [56.08] [55.5] [55.400000000000006] [55.6] [54.85] [54.97] [56.2] [56.42] [56.77000000000001] [57.1] [55.56] [54.21] [55.44] [55.57] [53.69] [53.19] [52.84] [53.55] [53.74] [54.61] [54.7] [54.85] [55.230000000000004] [55.25] [54.85] [53.29] [53.43] [53.94] [54.5] [54.31] [55.08] [55.129999999999995] [55.03] [55.260000000000005] [55.58] [56.629999999999995] [56.78] [54.6] [54.39] [54.9] [54.87] [54.58] [55.0] [55.65] [56.31] [56.41] [57.18] [56.87] [56.96] [56.73] [57.02] [57.45] [58.58] [59.0] [59.16] [58.33] [58.9] [58.53] [58.57] [58.27000000000001] [58.86] [59.2] [57.84] [58.71] [58.03] [57.61] [57.989999999999995] [57.52] [57.5] [57.74] [58.13000000000001] [58.19] [58.2] [57.84] [57.05] [56.41] [56.33] [56.92] [56.7] [56.88000000000001] [56.47] [55.42] [55.86] [57.0] [58.11] [57.6] [56.519999999999996] [56.489999999999995] [56.29] [56.22] [56.22] [55.77] [56.19] [55.9] [55.230000000000004] [55.98] [55.31] [55.44] [54.99] [54.48] [54.78] [58.95] [57.75] [58.52] [58.32] [58.36] [57.89999999999999] [57.879999999999995] [57.75] [58.0] [57.14] [57.33] [57.23] [58.21000000000001] [58.12] [57.58] [57.72] [57.69] [57.6] [57.52] [57.61] [58.5] [57.81999999999999] [58.0] [59.2] [58.82] [58.13000000000001] [57.25] [56.88000000000001] [57.86] [56.790000000000006] [56.04] [57.21] [56.85000000000001] [56.13] [56.23] [57.06] [56.25] [55.06] [56.28] [54.91] [53.73] [53.04] [50.87] [50.78] [52.17] [52.07] [52.86] [53.769999999999996] [53.59] [53.7] [53.94] [54.12] [54.59] [53.91] [55.209999999999994] [39.9] [40.26] [40.61] [40.39] [41.39] [40.98] [41.52] [41.3] [41.55] [41.36] [41.57] [40.25] [40.82] [40.56] [41.75] [42.44] [42.33] [42.68] [42.74] [42.69] [41.6] [41.98] [42.15] [42.23] [42.23] [40.99] [41.36] [40.5] [40.2] [40.07] [38.3] [38.34] [40.48] [40.9] [41.38] [41.98] [41.42] [41.34] [41.36] [41.21] [41.39] [41.18] [40.32] [39.81] [39.52] [40.24] [41.0] [40.61] [40.47] [39.03] [39.33] [37.83] [38.43] [37.75] [38.51] [39.6] [38.79] [38.7] [39.01] [38.0] [38.01] [37.9] [39.04] [39.33] [39.22] [39.54] [39.23] [39.31] [39.64] [39.58] [39.97] [40.01] [41.12] [41.4] [41.09] [41.89] [41.62] [42.34] [42.23] [42.3] [42.34] [42.45] [41.95] [41.99] [41.95] [41.54] [41.22] [40.79] [40.99] [40.96] [41.16] [41.52] [41.45] [42.05] [42.39] [42.12] [42.13] [41.17] [40.68] [40.6] [41.52] [41.28] [41.46] [41.47] [41.68] [41.94] [42.43] [42.16] [42.8] [43.59] [42.96] [43.28] [43.14] [42.74] [43.33] [43.42] [42.72] [42.42] [42.71] [42.74] [41.87] [42.04] [41.83] [41.41] [41.88] [41.72] [41.86] [41.59] [42.23] [42.39] [42.36] [42.05] [42.18] [42.14] [42.05] [41.57] [42.5] [42.57] [42.27] [42.48] [42.27] [42.45] [41.79] [41.43] [40.94] [41.31] [40.89] [40.54] [40.26] [39.93] [40.4] [40.57] [40.33] [39.63] [39.59] [39.76] [39.8] [39.8] [39.81] [39.89] [39.47] [39.8] [40.0] [39.6] [39.08] [38.89] [39.36] [39.11] [39.53] [39.48] [39.27] [39.29] [39.72] [40.05] [40.42] [40.36] [40.2] [40.06] [39.97] [39.29] [40.37] [40.11] [39.04] [40.0] [40.5] [40.26] [41.05] [40.92] [40.94] [40.94] [40.95] [40.14] [40.24] [40.19] [39.05] [38.94] [38.62] [38.36] [39.11] [38.69] [38.01] [37.13] [33.87] [35.68] [35.36] [36.17] [36.45] [36.44] [35.3] [35.41] [35.61] [35.04] [35.82] [36.5] [35.61] [35.66] [35.92] [35.75] [36.15] [36.63] [35.86] [35.96] [35.19] [35.1] [34.56] [34.7] [34.13] [33.36] [34.08] [34.32] [33.18] [35.04] [35.13] [35.2] [35.39] [35.94] [36.08] [35.76] [35.64] [35.12] [35.69] [35.69] [36.11] [36.54] [36.03] [36.5] [36.98] [36.67] [37.06] [37.47] [37.72] [37.87] [38.31] [38.33] [38.27] [38.1] [38.04] [37.89] [38.16] [37.36] [37.39] [36.75] [36.5] [38.43] [39.16] [38.78] [39.29] [39.81] [40.59] [41.32] [41.97] [42.16] [41.07] [40.64] [40.23] [40.92] [40.61] [41.25] [40.96] [40.75] [40.22] [40.75] [41.01] [41.55] [40.56] [40.51] [41.01] [41.62] [41.79] [42.02] [42.08] [42.36] [41.9] [41.06] [40.73] [40.24] [40.14] [39.22] [38.71] [38.43] [38.35] [36.94] [36.67] [37.64] [36.68] [37.35] [37.91] [37.4] [37.89] [37.39] [37.27] [36.44] [37.37] [37.18] [37.27] [37.15] [37.26] [35.61] [34.21] [35.63] [35.12] [35.84] [36.72] [35.22] [37.73] [36.98] [37.88] [37.64] [36.65] [37.62] [37.75] [37.59] [37.63] [38.49] [38.92] [39.14] [39.04] [38.97] [38.31] [38.17] [38.43] [38.98] [38.59] [38.09] [39.06] [39.33] [40.07] [39.56] [39.9] [39.16] [39.54] [39.35] [40.36] [40.01] [39.56] [40.32] [39.73] [39.29] [39.89] [39.69] [39.86] [39.47] [39.52] [40.86] [40.77] [40.72] [41.18] [41.42] [41.5] [41.98] [41.71] [41.82] [41.35] [41.25] [40.92] [41.2] [41.32] [40.81] [40.64] [40.86] [41.51] [41.5] [42.19] [42.59] [42.55] [42.61] [44.96] [44.45] [44.07] [44.86] [44.89] [44.76] [45.12] [45.58] [45.55] [45.79] [45.75] [45.91] [45.73] [45.72] [45.81] [45.75] [45.98] [45.73] [45.32] [44.7] [45.11] [44.72] [45.42] [45.57] [46.21] [46.15] [46.5] [44.56] [43.63] [42.67] [43.55] [43.68] [44.36] [44.31] [43.65] [44.47] [44.86] [45.61] [45.77] [46.64] [46.86] [46.96] [46.6] [46.67] [46.96] [46.98] [46.72] [46.49] [46.21] [47.0] [47.19] [47.49] [48.11] [47.71] [47.1] [47.16] [47.1] [47.57] [47.11] [47.51] [47.62] [47.97] [48.17] [48.27] [48.63] [46.88] [46.58] [47.63] [47.73] [47.74] [46.67] [47.41] [47.45] [47.66] [47.12] [47.03] [47.23] [46.9] [47.07] [47.07] [46.51] [44.59] [45.36] [45.01] [44.86] [45.39] [44.9] [45.33] [45.98] [46.38] [46.43] [46.46] [46.53] [46.9] [47.05] [46.5] [46.82] [47.07] [47.04] [47.01] [47.33] [47.58] [47.19] [45.78] [44.84] [45.38] [45.08] [45.7] [45.41] [46.0] [45.67] [45.88] [45.26] [43.42] [43.97] [43.38] [43.33] [43.73] [43.47] [43.33] [43.69] [44.99] [45.48] [45.41] [46.6] [46.77] [46.66] [45.33] [46.3] [46.16] [45.91] [45.22] [44.94] [44.18] [44.74] [44.52] [43.6] [44.79] [44.08] [43.27] [44.21] [44.58] [44.56] [44.99] [45.91] [46.18] [46.31] [46.43] [46.08] [46.61] [45.89] [45.75] [46.21] [45.93] [46.08] [46.37] [46.51] [45.68] [45.76] [45.93] [46.93] [47.05] [46.63] [48.01] [48.34] [48.03] [48.9] [48.6] [48.37] [48.67] [48.04] [47.83] [47.6] [47.77] [47.6] [48.42] [48.32] [48.48] [48.04] [48.93] [48.88] [49.09] [49.13] [49.42] [49.37] [50.1] [50.51] [50.63] [50.24] [51.14] [51.68] [50.65] [51.66] [51.31] [51.44] [51.38] [51.74] [51.52] [51.62] [52.04] [51.38] [51.64] [51.06] [51.26] [51.42] [51.69] [52.14] [52.24] [53.31] [53.43] [53.06] [53.33] [53.28] [52.79] [53.04] [54.05] [52.6] [53.29] [53.26] [53.06] [53.07] [52.9] [53.2] [52.72] [52.7] [53.07] [52.9] [52.7] [52.85] [52.43] [52.63] [53.02] [53.35] [53.33] [53.26] [53.93000000000001] [54.75] [55.0] [54.93] [55.31] [55.5] [55.85] [55.68] [56.2] [56.85000000000001] [56.650000000000006] [56.42] [56.85000000000001] [56.13] [56.16] [56.07] [58.38] [56.31] [55.9] [56.09] [56.519999999999996] [59.8] [58.5] [59.53] [59.230000000000004] [59.540000000000006] [59.45] [60.01] [60.8] [60.8] [60.14] [60.26] [60.620000000000005] [60.31] [59.14] [59.07] [59.540000000000006] [59.22] [59.370000000000005] [59.58] [60.55] [60.31] [59.94] [60.59] [59.79] [59.13] [59.269999999999996] [59.349999999999994] [59.0] [59.59] [59.19] [59.46000000000001] [59.53] [59.48] [59.99] [60.33] [61.25] [61.28] [61.60000000000001] [61.43000000000001] [61.32000000000001] [61.45] [60.83] [61.38000000000001] [61.57000000000001] [60.58] [59.82] [59.91] [60.32] [60.04] [60.0] [60.15] [60.52] [60.16] [60.67] [60.07] [59.349999999999994] [58.7] [59.8] [59.7] [62.150000000000006] [62.0] [60.760000000000005] [61.09] [61.870000000000005] [62.72] [62.870000000000005] [63.06] [63.10000000000001] [63.040000000000006] [63.400000000000006] [64.0] [64.9] [64.02] [64.56] [64.85] [65.15] [65.5] [66.27] [65.91] [65.31] [65.68] [66.09] [66.25] [66.31] [65.88] [65.85] [65.8] [64.65] [64.27] [64.25] [64.0] [64.29] [65.06] [65.15] [65.85] [65.68] [66.49] [66.68] [66.68] [66.65] [67.63] [67.2] [66.68] [66.38] [66.44] [67.19] [67.45] [67.31] [67.9] [67.53] [67.81] [67.8] [67.74] [68.2] [68.08] [68.09] [68.27] [68.32] [68.1] [67.92] [69.22] [66.45] [66.98] [67.29] [67.5] [68.53] [69.28] [70.05] [69.14] [68.84] [69.22] [69.56] [70.5] [68.97] [69.19] [68.94] [66.2] [65.88] [65.91] [66.94] [67.43] [67.0] [67.23] [66.93] [66.88] [68.24] [67.71] [68.04] [67.58] [67.46] [67.31] [67.21] [67.44] [67.5] [67.42] [67.62] [69.54] [68.73] [69.73] [70.68] [71.45] [70.92] [70.73] [72.02] [71.72] [72.2] [72.48] [73.17] [74.05] [73.66] [74.17] [74.3] [74.48] [73.99] [73.77] [73.18] [72.32] [70.86] [66.96] [68.19] [68.09] [66.4] [67.46] [67.97] [67.8] [74.94] [71.97] [71.5] [71.12] [71.72] [71.15] [71.0] [70.75] [69.42] [68.47] [66.82] [67.25] [67.78] [67.36] [69.72] [70.27] [71.2] [71.0] [71.07] [70.09] [69.92] [69.79] [69.77] [69.88] [68.7] [67.58] [67.2] [68.48] [67.22] [66.75] [66.65] [64.94] [64.15] [65.82] [65.01] [64.92] [66.14] [65.98] [66.56] [67.5] [67.83] [68.6] [69.12] [69.48] [68.04] [67.71] [66.39] [66.69] [66.22] [66.34] [66.49] [65.63] [66.0] [65.77] [66.03] [67.16] [67.08] [67.38] [68.12] [69.19] [69.73] [61.84] [62.510000000000005] [61.980000000000004] [63.63000000000001] [64.75] [65.62] [64.21] [64.62] [63.94] [62.63000000000001] [62.24000000000001] [62.650000000000006] [62.47] [63.17] [63.46000000000001] [63.75] [65.41] [65.35] [65.68] [65.97] [66.6] [66.45] [66.11] [65.48] [64.22] [63.540000000000006] [62.81] [63.58] [62.46000000000001] [61.230000000000004] [62.260000000000005] [61.13000000000001] [61.68000000000001] [61.36] [61.93000000000001] [61.480000000000004] [61.92] [62.43000000000001] [63.370000000000005] [62.59] [63.33] [63.52000000000001] [63.230000000000004] [62.52000000000001] [63.03] [63.61] [63.83] [63.7] [63.94] [65.14] [66.0] [66.65] [65.87] [64.93] [65.84] [64.75] [65.5] [65.7] [66.83] [67.74] [67.48] [66.82] [66.44] [66.05] [65.94] [65.04] [65.48] [64.57] [64.74] [64.74] [65.69] [65.74] [66.33] [66.41] [66.69] [67.0] [67.14] [67.34] [67.28] [67.0] [67.15] [67.82] [67.7] [67.6] [68.1] [69.28] [69.64] [69.1] [69.04] [69.73] [71.43] [70.68] [70.17] [70.57] [70.58] [70.69] [70.68] [71.24] [71.68] [71.92] [70.67] [69.96] [69.34] [69.41] [66.64] [66.1] [65.92] [66.25] [67.17] [67.12] [65.81] [64.69] [62.82000000000001] [62.92] [61.49000000000001] [61.82000000000001] [63.650000000000006] [62.35000000000001] [64.35] [65.07] [65.8] [66.03] [66.04] [66.51] [67.99] [67.6] [66.16] [64.59] [64.64] [63.32000000000001] [64.38] [64.67] [66.25] [67.66] [67.04] [68.94] [68.87] [69.82] [71.23] [71.63] [73.33] [74.7] [71.2] [71.71] [70.43] [71.76] [72.17] [72.14] [70.42] [69.11] [68.45] [68.27] [66.33] [65.22] [62.93000000000001] [62.93000000000001] [64.5] [66.98] [66.34] [66.5] [65.53] [64.09] [65.64] [67.59] [68.2] [69.05] [69.29] [69.72] [69.95] [70.82] [69.76] [71.29] [71.44] [71.95] [71.46] [72.79] [72.76] [73.7] [73.74] [75.21] [76.16] [76.18] [75.8] [76.11] [75.72] [75.07] [76.0] [76.8] [77.37] [77.0] [77.63] [78.0] [77.53] [77.67] [78.16] [78.9] [79.21] [78.25] [79.18] [80.0] [81.5] [80.02] [79.82] [78.69] [78.18] [78.28] [79.58] [80.22] [80.06] [80.86] [81.1] [81.27] [81.28] [80.54999999999998] [81.54] [79.09] [80.38999999999999] [80.49999999999999] [79.39] [80.16] [80.96] [81.71] [81.54] [81.84] [81.19] [81.56999999999998] [81.56] [81.45] [81.88] [81.43] [81.0] [80.82] [78.15] [75.73] [75.93] [74.28] [75.84] [75.26] [76.98] [77.47] 
 ---------