Company Name: Advanced Micro Devices Inc 
Ticker Symbol: AMD 
sentiment1: Stocks Fall Back Into Negative Territory for 2018 as Economic Uncertainty Grips Investors 
 S&amp;P Skids Back Into Negative Territory 
 published on 2019-01-03 
---sentiment2: Intel Searches (and Searches) for a New C.E.O. 
 Intel Is Still Seeking a Seasoned Executive to Lead Company 
 published on 2018-08-24 
---sentiment3: Trade Truce Helps Lift Wynn’s Stock 
 Trump-Xi Thaw Helps Lift Casino Giant’s Fortunes 
 published on 2019-04-25 
---sentiment4: China Warnings From Caterpillar and Nvidia Hit U.S. Stocks 
 China Strife Spurs Warnings and Declines 
 published on 2019-02-05 
---sentiment5: China’s Technology Ambitions Could Upset the Global Trade Order 
 China vs. the World 
 published on 2019-04-18 
---Current Value: 27.66 
Prediction: Decrease 
Perecent_correct: 0.6111111111111112 
Predicted Values: 
 [1.39240162][1.53404006][1.56550696][1.58958667][1.46193264][1.33751413][1.30632394][1.34415469][1.47546764][1.4480239][1.39269017][1.34776394][1.29603629][1.24751698][1.17849921][1.22316606][1.31655208][1.30289289][1.2441206][1.28542774][1.34415469][1.36509623][1.36846027][1.34442157][1.31668177][1.330529][1.31326372][1.3166526][1.29598228][1.28911701][1.23550472][1.2853694][1.35117015][1.36854345][1.35464221][1.46159558][1.54453192][1.64487823][1.63464575][1.67225179][1.75539667][1.76255366][1.7037392][1.55875722][1.32882806][1.28385591][1.24752998][1.30264651][1.37535037][1.47198692][1.517059][1.59636442][1.62429976][1.55501511][1.54473612][1.53083489][1.56518924][1.64825527][1.87607191][1.95584725][1.97990328][1.92832149][1.07114928][1.10943494][1.09898092][1.07486338][1.02985831][1.02980429][1.02992532][1.06083679][1.11276114][1.17473986][1.24223596][1.27515743][1.34067396][1.38912626][1.43059699][1.40647472][1.40280596][1.39619573][1.39607471][1.39957161][1.41343184][1.47550548][1.54459026][1.57230522][1.56209325][1.53776283][1.52757136][1.47904022][1.47568485][1.44104628][1.45486433][1.47555083][1.48248311][1.48079459][1.45492268][1.43067978][1.41351068][1.3719615][1.34425087][1.32364206][1.24760883][1.14053444][1.11276114][1.17496014][1.16821156][1.07138699][1.01610293][0.98839664][0.95046104][0.89857019][0.85355645][0.77775226][0.64288406][0.65660593][0.68779729][0.66190804][0.5910764][0.54794164][0.30410157][0.11093217][0.02257762][-0.11059514][-0.12605896][-0.13313277][-0.01739281][-0.01511715][-0.01900882][-0.02563263][-0.07590139][-0.06898644][-0.08624305][-0.04142601][0.01044][0.01056535][0.04157301][0.09675655][0.11597664][0.07620291][0.01397907][0.01739712][0.01742196][0.00019452][-0.03785344][-0.06548521][-0.10866024][-0.11053996][-0.07932811][-0.10691338][-0.10026965][-0.01376073][0.06227683][0.0796588][0.06575756][0.06586992][-0.0239652][-0.07587222][-0.01036435][-0.03779509][-0.08620955][-0.13457866][-0.19688135][-0.22781449][-0.26247357][-0.26607098][-0.24523429][-0.28680398][-0.23493797][-0.20024106][-0.21761435][-0.14176482][-0.07587655][-0.11051513][-0.10872667][-0.11736306][-0.11565462][-0.10014429][-0.06206283][-0.09316233][-0.12422833][-0.15186011][-0.15714546][-0.13806689][-0.14154328][-0.11047729][-0.14161029][-0.17601982][-0.29691227][-0.42824256][-0.4219694][-0.31442709][-0.30046318][-0.2110128][-0.06246057][-0.07238399][-0.1277469][-0.19685651][-0.06554789][-0.01383208][0.0863187][0.43458471][0.3942209][0.29036902][0.31460326][0.31103935][0.36287185][0.40092414][0.39412155][0.35434782][0.30941192][0.31792079][0.31454491][0.34042174][0.35253452][0.34742854][0.34561958][0.4388219][0.4390261][0.35615678][0.30434911][0.19712453][0.18322329][0.19715803][0.1401482][0.0035834][-0.0102595][0.00699278][0.00527567][0.01394123][-0.00675393][0.02081517][0.06920045][0.06586992][-0.03427769][-0.1244207][-0.02762096][-0.03785777][-0.08974428][-0.06908263][-0.08629706][-0.0655684][-0.05517272][-0.05867829][-0.04831179][-0.00681228][0.01392072][-0.0239652][-0.05517272][0.07924056][-0.21070966][-0.23476294][-0.30722476][-0.45245946][-0.4595581][-0.43520285][-0.4491581][-0.43519851][-0.48017008][-0.50090308][-0.49061977][-0.45602337][-0.46282162][-0.48880647][-0.4628713][-0.44907058][-0.45601903][-0.44220098][-0.4110723][-0.41446551][-0.43873759][-0.42832891][-0.44554018][-0.4663812][-0.46980792][-0.48705586][-0.52849702][-0.51824288][-0.49057009][-0.49404215][-0.5043168][-0.49750987][-0.48361297][-0.46988676][-0.4560147][-0.46635203][-0.44901224][-0.45601903][-0.44558985][-0.46635203][-0.45254264][-0.4353152][-0.31803751][-0.23839386][-0.20728136][-0.13813823][-0.14843772][-0.14505751][-0.15189361][-0.25549594][-0.39026045][-0.35918145][-0.32116701][-0.24550984][-0.28674997][-0.70146835][-0.74271714][-0.76693087][-0.79805955][-0.82226027][-0.74627672][-0.75306747][-0.84984237][-0.94661294][-0.98120501][-0.98464789][-1.00193367][-1.01227534][-1.07097744][-1.14360129][-2.21622473][-0.89178813][-0.84303112][-0.84475256][-0.68113192][-0.62523842][-0.62890284][-0.64600492][-0.68060999][-0.85342679][-0.88445928][-0.89488846][-0.93274088][-0.97092602][-0.96743346][-0.99851996][-0.99848645][-1.03987794][-1.0505405][-1.04707711][-1.03635187][-1.09184764][-1.01763204][-0.97797499][-0.96742912][-1.03649773][-1.03998163][-1.0020677][-0.99516892][-0.92942651][-0.89140023][-0.94669179][-0.7846684][-0.8566493][-0.94324024][-0.91214073][-0.88794001][-0.9121494][-0.94078579][-1.01397535][-1.05891434][-1.09532403][-1.06755073][-1.12285963][-1.12980808][-1.09181413][-1.04337051][-0.99516459][-0.97087635][-0.97093036][-0.95019302][-0.88199814][-0.8499709][-0.86709032][-0.88802752][-0.85341812][-0.79471284][-0.81528265][-0.81899675][-0.77737622][-0.71185969][-0.65648811][-0.61514313][-0.59758613][-0.64608811][-0.61502211][-0.63566759][-0.65291987][-0.61849417][-0.54261113][-0.52850569][-0.57002137][-0.60453892][-0.64256204][-0.72198848][-0.73253001][-0.75311715][-0.78775139][-0.79463717][-0.78424583][-0.70506576][-0.65648811][-0.58401879][-0.55965053][-0.47015048][-0.40246075][-0.42138479][-0.4249152][-0.42485685][-0.47841947][-0.52167393][-0.51827638][-0.45789284][-0.40424487][-0.40760458][-0.34217989][-0.36615157][-0.41797108][-0.40078148][-0.28351129][-0.2142093][-0.27281956][-0.26603314][-0.06941652][0.07935725][0.17275627][0.21764899][0.27661365][0.24545147][0.19025059][0.02083567][0.00705545][-0.14662776][-0.38505728][-0.47486539][-0.4978276][-0.36272919][-0.41443317][-0.50089125][-0.7047362][-0.74615253][-0.94680964][-0.76417744][-0.69093548][-0.69811298][-0.67015597][-0.66000234][-0.65287019][-0.62550963][-0.6218247][-0.71160581][-0.73074156][-0.6841869][-0.75481376][-0.83604482][-0.8690333][-0.88445178][-0.92609281][-0.92242838][-0.93630045][-0.90187475][-0.85684484][-0.87405927][-0.79823891][-0.77037809][-0.78088612][-0.76353333][-0.72213434][-0.67383657][-0.60806932][-0.50114513][-0.33542381][-0.3488993][-0.34561411][-0.37984861][-0.47322596][-0.49742669][-0.32861255][-0.10393407][-0.15520797][-0.18326][0.02773445][0.12429214][0.10391354][0.0241532][0.00196131][-0.00352392][0.04507424][0.0620888][0.14518717][0.09340551][0.0691291][0.07959179][0.02079783][0.01733877][-0.02401171][-0.03449807][0.01391206][0.051906][-1.09639627][-0.0067291][-0.04477705][-0.02426125][-0.0411678][-0.08986964][-0.113904][0.9902229][0.96108025][0.88422154][0.94311601][0.9676333][0.90907822][0.95699241][0.93667649][0.86728265][0.96748744][0.96064384][0.92967836][0.92623114][0.91229639][0.90551864][0.91902331][1.03994492][1.12989556][1.14021239][1.08867277][1.14035941][1.32658353][1.45123341][1.54468528][1.59623473][1.83801529][1.95255572][1.85585967][1.62777615][1.45833639][1.68583531][1.87986053][1.81779988][1.78640432][1.68988331][1.69309282][1.7277854][1.74170397][1.96927857][2.41102678][2.64033236][2.67738413][2.66118955][2.53635629][2.23464868][2.19432645][2.40302901][2.60564844][2.47421996][2.41896941][2.32920564][2.33572401][2.38100897][2.34584414][2.42940609][2.42561747][2.46046025][2.5070074][2.5019976][2.7534552][2.8198654][2.79569818][2.69560458][3.19265419][3.89604597][4.35337496][4.30572223][4.24671107][4.28490171][4.1987677][3.84287996][3.6729226][3.8596158][4.01861888][4.12240491][4.0881089][3.84227601][3.92888978][4.08421976][4.28808205][4.27129653][4.08797604][4.33615394][5.03010089][5.20420476][5.10383043][5.00047332][4.88799155][5.06538908][5.11432546][4.98996962][4.88634246][4.7233659][4.95514735][4.9071078][4.37497771][3.87584026][3.48011511][3.29459775][3.21734767][3.30525256][3.45904071][3.52146125][3.54355263][3.58696162][3.63167064][3.75270894][3.87315397][3.83595317][3.89427604][3.97732907][4.03244993][4.26710584][4.4056763][4.40929539][4.30582592][4.27063741][4.26088785][4.25026314][4.09167597][4.05332013][3.88065035][4.31597405][4.23675297][4.17427092][4.13621546][4.30192494][3.92886377][4.24433267][4.69839253][4.79293476][4.73790459][4.67483243][4.70974338][4.67724333][4.33528282][4.13645317][4.03280433][4.29841504][4.39847714][4.28089039][4.05206094][4.04818397][4.20207456][4.34327743][4.90911893][5.77597136][6.19220817][6.47181831][6.39312666][6.24746739][6.2821513][6.29912369][6.51700708][6.47919367][6.23418827][5.99488042][6.14402825][6.7856101][7.1529492][7.80827343][7.93382564][8.19225653][8.22091166][8.09245698][8.3516455][8.47637392][8.45196381][8.95269835][9.15721859][9.2262667][9.0460552][9.50190135][9.65871678][9.03552983][9.16434958][9.05327803][9.0190874][9.00502878][8.9150793][9.05313651][9.09503259][8.88093349][8.45851055][8.27270632][7.57483641][7.33174945][7.47757626][7.35693252][7.37698906][7.58433786][8.21218859][8.02676108][8.18947942][8.15853445][8.06540548][9.25838198][9.8887014][9.95540565][10.87900333][11.51078885][11.13281668][11.3309104][11.40354842][11.34788713][11.01636564][10.93298305][10.80562074][10.62856157][11.4745233][12.01815994][11.97997045][11.79674065][12.61752047][12.84149824][12.72685993][12.08438178][11.00978226][10.73939858][10.77750921][10.960659][11.03367742][11.41625677][12.14270698][11.73131713][11.66939367][11.41022999][11.24777536][11.84399023][11.89090882][11.62702534][11.60021905][11.65937924][11.24007593][11.40322753][11.41008846][11.58578954][12.12777922][12.32918096][12.03879876][12.02148814][11.0060078][11.1366443][11.02692651][10.74982025][10.53938875][10.10394921][10.30391169][10.45236023][10.65698417][10.69116148][10.67767732][10.81250884][11.0433718][11.0783691][11.21276621][11.22740426][11.188666][8.81627646][7.96797463][7.91363391][7.69880667][7.66461434][7.71227233][8.22349122][8.55851077][8.83212246][9.02913999][9.97734796][9.32991605][8.79699864][9.0534369][8.9087423][8.50756009][8.53537124][8.53527622][8.48999126][8.65219401][8.87026543][8.69787438][8.46267287][8.67942055][9.41109573][10.17942151][10.47704188][10.53283105][9.63651767][9.83809212][9.47854228][9.02549723][9.20213065][9.46045902][10.17876355][11.41926091][11.98310429][11.98662369][11.97706017][11.36870648][11.15480525][10.54316437][10.22128208][10.07309492][10.52386021][10.70476001][11.08473062][11.40281045][11.56175402][11.93854229][11.76660467][11.40579842][11.62800102][11.05730654][11.26845868][11.40280612][11.51675761][11.85184418][11.89410882][12.86809916][12.38879142][11.61024849][11.61779105][11.39969279][11.33787503][11.01632346][10.84338998][11.06774756][11.00269661][10.42864359][10.17336122][9.7993657][10.32816643][10.66712279][10.6055179][10.0728087][10.0417352][9.87974732][9.81364734][9.92328396][10.22857859][10.09367255][10.02479515][9.68558174][10.10303304][10.60106266][10.88446691][10.60122902][10.59478633][10.40472476][10.06625248][10.17618632][11.528838][9.84816489][9.8720479][10.09310845][10.65945888][10.83667173][11.16341159][11.52444488][10.9192115][10.65742058][10.34270829][10.35249251][10.38040417][10.38044201][10.38741097][10.82473078][10.99532791][11.01623278][10.89859085][11.14671676][11.37214536][11.45796048][11.78938696][11.97344341][11.94224022][11.90429162][11.83526085][11.58959116][11.62111958][11.72423032][11.92485393][10.40496331][9.89015916][9.64125946][8.73231942][8.55510023][8.65306051][8.43490707][8.6039936][9.59266247][9.66123715][9.43385926][8.7840289][8.84940391][8.69770918][8.67656227][8.60761585][8.77679739][9.02875409][8.99143459][8.98785018][8.97403212][8.94294996][9.09781953][8.93620771][8.56298885][8.4624675][8.36579629][8.10052465][7.54639415][7.48105181][7.60231361][7.59892161][7.59841385][7.55752262][7.59839218][7.63670818][7.7539362][8.38930122][8.58343013][8.62509283][8.51768126][8.210583][7.98861955][8.09251533][8.10669761][7.99296533][8.33361192][9.32939762][9.79433798][9.67232979][9.77518664][9.51673726][9.48112934][9.70991215][9.54032104][9.62711618][9.66460236][10.03061223][10.27293955][10.26280442][10.52357169][10.53274935][10.30802754][10.46980921][10.9258714][10.69841233][11.23972471][11.19947093][10.45699368][9.50302489][9.02799995][9.29529197][9.15403593][9.026085][9.20848383][9.29503492][9.65023637][9.99163481][9.62555676][9.54687175][9.55841063][9.45244941][9.63373623][9.91339838][10.20706312][10.09059357][9.72077341][9.36758309][9.45204417][9.50813754][9.790943][9.90200765][9.49241013][9.26102946][9.28603197][9.1505867][9.03266722][9.0569728][9.08078763][8.89473304][8.79755957][9.46940546][8.36608801][8.17253388][7.87902768][7.48777807][7.52252214][7.38130595][7.13566342][7.03407222][7.59173545][7.33948988][7.19458591][7.41856858][7.40168688][7.55365515][7.61974213][7.58815537][7.9576688][8.02378495][7.71216021][7.56073646][7.60909257][7.7161788][7.45047624][8.56926201][8.7666426][8.56120531][8.57260988][8.61303839][8.4977095][8.68990057][9.0839983][9.14310565][9.42610583][9.67173451][9.52675369][9.82380097][9.94797427][10.41446564][10.43906844][10.71892496][10.79874364][10.64985751][10.68066096][10.91879009][11.18164504][11.10599105][11.38516477][11.43764023][11.91385314][12.53982418][12.54993796][13.19192388][13.26643292][12.71478063][13.31292001][13.59395673][13.9417915][14.29220673][14.03559576][14.62506522][14.69598583][14.5753441][14.12334576][13.54209073][13.19703391][13.17203053][13.15913499][12.86051358][12.98963805][12.72945133][12.8719141][13.07155019][13.81000746][14.47176143][14.33699375][14.04619564][14.32606632][14.28553066][14.40873779][14.49520369][14.67914229][14.5130524][14.4232788][14.34352513][14.34081672][13.97430226][15.77536757][17.13507749][17.51855167][16.89130632][16.40254016][16.40899068][16.65127213][17.08992921][17.45019017][17.45340719][17.30899998][17.04568144][17.45590991][17.95796818][17.74744483][17.609569][17.41792146][17.81274649][18.13891794][18.58943657][19.8669562][21.62588113][23.90898589][23.64914529][23.71307641][23.34192187][23.15134419][25.38947628][27.49220246][26.34455134][25.67598811][27.5247291][28.4761582][29.75057227][30.92096487][30.73022322][30.7896988][31.0966109][29.80717664][30.12585258][29.83008882][30.43652497][31.4624709][30.71602916][30.67652143][30.27424013][29.61857076][28.42986865][27.08637209][26.36474709][26.1203838][25.027556][25.15333752][24.70202688][23.47452933][24.80374707][24.57183553][25.82327326][26.24200238][25.27668591][24.01513893][23.09131369][22.88382831][22.33485112][16.94200855][16.1031432][15.54756219][14.69118919][15.93605862][17.50180974][18.51444137][17.93431856][18.49376982][19.75856444][19.61021063][18.89755164][18.05976178][17.48724596][18.58906251][19.23842928][18.3813856][17.90048549][16.54430823][17.55141651][17.1096267][17.94418913][18.64632186][19.60699595][19.32605023][19.23340451][21.29724909][20.59324982][18.87516851][18.60596723][17.68044686][18.49752066][18.49298774][18.33366348][17.92562347][17.47386086][17.34216145][16.93973461][16.10544721][15.58172418][14.54334135][15.33698773][15.32832421][15.67309099][16.17814165][16.42568635][15.84444077][16.34847524][18.10103199][18.95048085][18.73577399][17.63495784][17.89442927][18.14394159][18.38317408][18.09699874][17.94957381][18.62066776][18.26594683][17.97184542][18.5267058][19.57348467][18.38439003][17.83121933][20.52589951][22.20484107][22.68877314][22.43323171][21.52401295][21.67618194][20.93356115][20.85577094][21.07597582][21.25528891][20.99902051][21.05686679][21.77259726][22.00353848][22.17052261][22.11164547][22.27712824][23.13088959][22.55794744][21.94983921][21.4614327][21.956377][21.80104469][21.49972704][21.11752977][20.22189377][19.74514846][20.69159169][21.45243959][21.73142065][21.21033035][21.33357331][21.37898362][23.27821135][24.45490324][25.38649582][25.35041947][24.5163221][24.55541275][23.55675461][23.2966014][23.6805695][24.54619123][24.79627111][27.18816614][27.31681221][27.6481067][26.90795079][26.11057707][25.95328938][26.03707404][8.56344057][25.80272486][26.09880513][26.14845665][24.95495765][26.16743615][23.59692213][26.6442842][26.57010381]Actual Values: 
 4.134.284.274.224.094.024.04.134.174.14.064.043.953.913.873.98999999999999984.033.963.954.04.094.064.094.034.0499999999999994.044.024.024.033.963.934.044.094.0499999999999994.14.184.334.364.264.414.54.424.344.064.0053.953.954.064.1200000000000014.214.234.364.234.254.214.184.34.444.634.64.633.733.863.823.823.753.733.773.743.823.80013.913.973.98999999999999984.064.144.14.034.1200000000000014.084.14.1200000000000014.144.24.254.294.224.274.174.24.144.154.164.174.1854.174.134.154.084.034.063.983.893.823.883.933.813.763.713.73.633.563.563.39000000000000063.373.433.4153.353.33.032.952.782.612.622.562.672.79052.6952.792.682.692.682.692.752.792.792.812.90000000000000042.852.782.772.782.782.732.712.6752.622.692.682.62.722.82.852.812.852.772.692.712.752.692.652.552.582.512.462.522.442.52.582.532.552.692.632.652.642.642.642.72.672.652.632.592.632.622.642.62.622.522.392.182.422.482.442.582.712.632.562.692.72.782.883.23.033.073.033.083.133.163.113.063.033.053.063.083.13.073.133.23.143.12.962.922.972.922.762.742.752.752.772.762.762.812.852.782.592.72.732.662.662.662.682.72.682.692.742.762.772.72.722.5352.562.532.352.282.362.32.362.32.282.262.312.342.292.322.332.312.322.362.382.332.352.362.32.312.32.272.242.282.272.292.262.32.282.312.312.352.312.342.312.322.322.372.52.532.612.622.62.622.542.412.432.472.432.462.042.072.042.01.972.032.071.971.871.821.821.81.81.761.671.621.771.941.941.932.182.112.152.11.921.911.881.91.81.821.791.81.791.681.691.821.691.741.751.821.771.751.761.761.851.91.841.882.01.841.871.91.871.871.81.761.681.751.691.671.71.771.761.821.81.821.871.921.961.871.921.972.01.912.02.022.12.12.212.122.142.152.142.132.162.272.212.192.152.092.022.051.991.992.011.992.12.142.222.22.362.372.342.362.312.252.232.262.342.372.362.412.362.352.392.522.512.472.552.762.882.913.042.992.972.772.772.662.432.362.162.42.42.292.12.081.811.822.112.012.142.082.162.092.172.112.042.062.061.971.891.921.821.891.861.851.931.931.942.041.982.022.042.062.162.22.322.422.362.442.322.292.292.532.672.52.772.82.90000000000000042.732.82.692.812.742.882.842.792.832.762.752.762.72.762.792.782.772.722.672.782.622.653.193.813.453.553.693.693.583.73.543.643.653.663.663.613.653.563.673.83.793.833.833.94.094.244.1900000000000014.394.674.64.374.164.24.564.544.414.44.324.44.444.54.755.395.15.465.174.824.884.955.315.135.095.0300000000000014.915.074.845.135.015.145.155.25.195.55.485.435.735.936.766.936.796.8800000000000016.896.566.186.396.566.76.756.356.56.66.796.946.76.747.247.837.6600000000000017.677.497.497.727.617.5199999999999997.187.497.567.056.646.235.835.925.756.096.226.126.236.26.356.316.546.456.576.576.76.957.06.976.726.926.826.86.646.56.926.926.766.76.81000000000000056.56.576.97.39999999999999957.447.17.247.327.036.786.6900000000000016.796.856.76.826.646.836.827.097.798.688.879.058.728.88.729.09.028.928.388.698.959.6500000000000029.90000000000000210.38000000000000310.40000000000000210.7510.4310.6810.94000000000000110.81000000000000211.19000000000000111.6111.65000000000000211.311.65000000000000212.28000000000000111.24000000000000211.711.42000000000000211.4511.4311.2911.37000000000000111.5511.3910.9810.7910.1700000000000029.549.9200000000000029.8800000000000039.689.9510.74000000000000210.35000000000000110.60000000000000110.62000000000000110.60000000000000110.90000000000000211.9812.37000000000000112.4614.0513.2113.78000000000000113.8613.713.4313.213.2512.7913.4114.314.214.014.2715.4515.08000000000000214.5913.5513.013.0713.2513.4513.514.4814.014.03000000000000113.7913.62000000000000113.6814.40000000000000213.713.9614.1613.35000000000000113.7513.74000000000000213.7314.10000000000000114.59999999999999814.31000000000000214.28000000000000113.42000000000000213.33000000000000213.5213.0212.94000000000000112.51000000000000212.53000000000000112.63000000000000313.08999999999999612.9813.08000000000000213.22999999999999713.24000000000000213.42000000000000213.4313.7313.4311.7310.2910.5510.13000000000000310.22000000000000210.0410.4610.74000000000000211.19999999999999611.4111.6611.81000000000000210.99000000000000211.47000000000000211.49000000000000210.97000000000000211.0511.01000000000000210.85000000000000110.9511.2911.2510.9310.8411.2712.42000000000000212.81000000000000213.10000000000000111.7512.33000000000000211.9111.33999999999999611.6611.63000000000000312.19000000000000113.3614.10000000000000114.15000000000000214.3913.76000000000000213.65000000000000213.06000000000000212.5712.5712.3612.94000000000000113.2713.60999999999999613.7714.17000000000000214.33000000000000213.4614.03000000000000113.2913.62000000000000113.60999999999999613.714.014.2915.13000000000000314.99000000000000213.85000000000000114.0913.72000000000000213.81000000000000213.42000000000000213.213.33000000000000213.4812.76000000000000212.712.0412.58000000000000213.01000000000000213.17000000000000212.4612.4312.42000000000000212.212.012.69000000000000112.51000000000000212.53000000000000112.012.19000000000000112.8213.12000000000000112.88000000000000313.0212.8412.5712.4612.6612.22000000000000212.15000000000000212.33000000000000212.7713.2513.0714.013.213.2512.84999999999999812.65000000000000212.76000000000000212.7712.812.7313.31000000000000213.38000000000000313.22000000000000213.26000000000000213.72000000000000213.62000000000000113.85000000000000114.3214.2514.24000000000000214.213.85000000000000114.03000000000000113.94000000000000114.212.9512.4512.17000000000000211.26000000000000210.76000000000000211.2510.87000000000000110.9512.0411.94000000000000111.94000000000000111.2511.22000000000000211.1811.03000000000000111.01000000000000211.13000000000000311.311.47000000000000211.42000000000000211.4111.38000000000000311.33999999999999611.4511.08000000000000210.87000000000000110.81000000000000210.8500000000000019.899.90000000000000210.070510.1500000000000029.97000000000000210.1300000000000039.97000000000000210.10000000000000110.13000000000000310.60000000000000111.011.09999999999999810.9810.7510.38000000000000310.4510.5710.5710.42000000000000211.6112.09500000000000212.19000000000000112.01000000000000212.011.63000000000000312.0711.8212.0511.90000000000000212.1812.56000000000000212.6112.8213.0212.78000000000000112.713.13000000000000313.12000000000000113.24000000000000213.62000000000000113.0512.0511.0411.711.72000000000000211.5411.47000000000000211.60000000000000111.72000000000000212.40000000000000212.1111.72000000000000212.12000000000000111.8211.9512.1412.4312.6612.26000000000000211.67000000000000211.69000000000000112.01000000000000211.58000000000000212.39512.03000000000000111.76000000000000211.511.711.4311.49000000000000211.4111.4111.1611.09999999999999810.9110.7110.5100000000000029.9900000000000029.9400000000000019.9900000000000029.6300000000000039.0810.059.8300000000000029.759.759.8700000000000019.9810.210.010.28000000000000110.51000000000000210.1810.0510.0910.19000000000000110.06000000000000210.87000000000000111.19999999999999611.05510.83000000000000211.09999999999999810.90200000000000110.88000000000000311.3211.49000000000000211.65000000000000211.9811.8912.1412.1812.6412.7913.06000000000000213.2513.012.9313.06000000000000213.40000000000000213.4513.4813.74000000000000213.9814.76000000000000214.85000000000000115.0715.83000000000000214.5215.2115.8415.81000000000000216.6216.0616.1816.8516.8316.6515.78000000000000115.6415.3215.65000000000000214.85000000000000115.4114.815.2115.13000000000000315.5216.72999999999999716.5916.1516.4116.6816.4216.516.9416.7116.6616.4716.7516.317.1619.0719.419.3518.3418.1718.9418.8919.5319.4619.5819.0919.1619.97000000000000219.8619.8619.1219.7919.9820.2821.1922.9124.9425.5124.3625.2924.8925.6229.4128.1226.9628.1530.0229.9133.1631.4331.7532.9931.5232.131.1931.12999999999999533.1832.431.8632.2430.6930.7329.03527.9928.0726.7326.1527.3824.7426.7726.3826.6328.4127.0827.0324.45999999999999724.17999999999999625.0417.9218.4918.2116.3817.8718.4120.5920.1219.521.4221.7720.7720.67999999999999619.2820.1820.7219.87000000000000520.39999999999999517.420.0518.6119.9619.7721.8221.1921.322.4823.3520.2221.319.3520.7120.3220.63000000000000319.5820.0119.1519.4418.1118.1216.5216.8817.4317.5318.1518.0118.4217.5519.4421.1920.8919.7619.4719.9620.4420.39999999999999519.4920.3720.4820.0320.0620.9920.31520.2621.4923.0224.6124.4323.4223.6322.9922.3323.0523.4322.9822.7423.5823.62524.1424.0424.0525.0124.6524.1123.2123.9723.8923.3423.46999999999999522.3321.3522.1523.123.6623.37000000000000523.123.323.626.4925.78000000000000527.5426.2926.6925.725.125.5826.4226.5128.0228.8829.6428.6928.2427.4627.8128.2127.827.7228.2127.627.6228.1828.128.6727.66---------