Company Name: Agilent Technologies Inc 
Ticker Symbol: A 
sentiment1: A Private Equity Titan With a Narrow Focus and Broad Aims 
 published on: 2017-11-03 
---sentiment2: Earnings, but Without the Bad Stuff 
 Earnings, But Without The Bad Stuff 
 published on 2018-04-03 
---sentiment3: Agilent to Buy Dako for $2.2 Billion 
 Hewlett-Packard Announces Breakup Plan as Technology Landscape Shifts 
 published on 2016-11-02 
---sentiment4: Highest-Paid Chiefs in 2014 
 Broadcom to Acquire Brocade Communications 
 published on 2014-10-06 
---sentiment5: Morning Agenda: Why Hedge Funds are Closing 
 Chip Maker Broadcom Said To Mull a Bid for Qualcomm 
 published on 2013-09-19 
---
Current Value: 76.78 
Prediction: Decrease 
Perecent_correct: 0.6736842105263158 
Predicted Values: 
 [36.52257733][36.7881836][36.6303853][36.84515447][36.80842556][36.99666453][38.34712475][40.1995575][40.011573][39.24225505][41.83424177][43.64224282][42.09893253][38.85130415][39.46345547][40.36566223][40.09750966][40.68152215][41.68139385][40.27951422][40.3212911][40.9553209][40.7127339][41.43506721][41.60297012][41.22286903][40.49751707][39.16822828][39.0815036][37.94817623][37.28839441][38.71878916][38.6743534][40.4859304][41.03145856][41.10271115][40.70588947][40.38743157][40.03104786][38.99214859][38.55813702][37.86318395][37.27969724][36.57669093][37.01200178][37.22329003][37.02760609][37.82949453][38.30950619][37.96695212][38.53291085][38.66860099][38.25748028][38.13885803][38.46701076][39.70973676][39.5168532][39.99080291][40.57226428][41.32178447][42.24265006][42.1667829][42.52502595][42.23928397][43.12592723][43.90263487][44.82645938][44.554365][44.05644971][45.1364216][46.59350012][46.79690879][45.60866588][45.6944435][46.02754519][46.7701215][47.00254649][47.80781794][47.59898869][47.57369964][47.72539003][47.9524247][47.07213286][47.25468356][46.79545035][47.06855258][46.48284463][46.65212941][46.00240658][45.78212046][46.16729168][46.40790619][46.12309944][46.50129182][46.77560888][46.92421659][46.95839617][46.26415347][45.32137982][46.11071622][47.11980491][47.45417234][47.09383935][47.57456253][47.92070153][48.40712432][48.61779833][48.28985957][47.83547237][47.72828549][46.76918308][46.92125768][47.82627633][48.4449534][47.96449523][47.21124248][47.53831489][47.65291423][47.72529758][47.03400949][47.31271831][46.80687231][46.09045312][45.76273974][46.18321126][45.8445009][45.38728744][45.54551904][45.35295597][45.26432225][45.33717826][44.35283386][43.28629736][44.015967][44.71626447][45.4257172][45.4253043][45.69112538][45.87050263][45.76563893][44.80022332][43.90823136][43.59871596][43.07233163][43.4754401][42.85131703][42.20149714][44.02465566][43.53220652][44.16549579][42.7527964][42.747968][43.63399992][43.65623586][44.03124335][44.18257712][44.94325752][44.54199668][44.2609699][42.09048274][41.44720062][41.34384499][42.53650891][43.41877703][42.78819142][42.82229348][42.42891053][42.46005799][42.48238841][42.99661664][43.14170322][44.0095056][44.11285951][43.36149667][42.47562523][41.39340057][41.26450491][41.65248085][41.160204][42.10107314][42.46606567][42.47953144][42.59902833][41.69305433][41.13499421][41.26730879][40.63973605][40.02639243][40.25222043][40.16039203][40.44143779][41.27798737][41.57385607][41.18209769][40.04356374][39.57178529][39.48545769][40.25803344][40.85198624][41.31514533][41.51392544][41.70582462][41.15086986][42.17660578][42.7216699][43.13580498][43.61495284][43.81519516][43.55797823][43.50754801][43.73138228][43.60379754][40.81640857][40.47581949][40.2043491][40.31727316][40.55496488][40.64003353][40.91157975][40.89832934][40.49136207][40.41204705][40.31500859][40.55461054][40.39863599][40.24221348][40.60068568][41.34084962][41.60204431][41.29895784][41.07263349][41.2903542][42.54934843][42.73783872][42.75665921][42.89884058][42.6176702][42.56078118][41.99627373][41.8541073][41.57667283][41.78824305][41.67773889][42.09763299][42.24234196][42.2235183][42.46959571][42.41561419][41.87025028][41.79738885][41.14101454][41.05624596][40.77525934][40.60512147][40.98717814][41.28347845][40.50368328][39.51640642][39.22019596][38.860754][39.12578627][39.45998054][39.4252086][39.40327558][40.01912035][40.47561218][40.65921411][41.31226569][40.96153963][40.59215964][40.14479979][40.2517156][39.87627509][39.70912398][39.4630216][39.12249254][40.71596906][39.65592006][39.49447454][39.91162879][40.44164654][41.87899152][40.90858811][41.50758695][41.54852466][41.63638756][41.28354076][41.74122055][41.69657001][41.44706709][41.50791487][42.57433338][43.44486408][43.27366575][43.03122234][43.5584305][44.3091855][44.20727351][44.13258737][43.95879941][44.06909538][44.10039989][43.82280693][43.22079638][43.58557489][45.04358557][45.0091203][45.59000102][45.58949764][45.43481705][46.17336052][46.68739409][46.57681844][46.39716491][46.13854206][46.05949861][46.84843071][46.98076907][47.26192683][47.32758778][47.6291144][47.99375452][48.06434485][47.68085637][47.45699025][47.49836542][48.13864412][47.50724733][47.6939566][47.79485525][47.80414374][47.97129946][47.79743829][47.61785053][47.75045398][47.52322892][46.22615102][45.71308911][45.58285938][44.94566939][44.87971813][44.84773052][43.99037212][44.54110503][44.75969664][44.68778736][44.96193469][45.66864333][46.16068958][46.24566175][46.25171797][45.86070272][45.73769389][45.79801246][46.15123224][46.02480678][45.51386881][45.44718133][45.52199199][45.24523846][44.60495085][44.4296728][44.67178363][44.87387699][45.01529367][44.57546264][44.07188977][43.75663429][44.16104409][44.38185973][44.6093537][44.819772][45.0882855][46.28140313][47.20708381][46.89156425][46.42547922][45.72466001][44.92711767][45.00914758][45.0152822][45.49910518][45.79624126][45.93004965][45.07152173][44.58938243][44.43824481][44.49166209][44.56110863][44.98367449][44.83593536][45.28680514][45.69712673][46.02339796][46.42585596][46.24546678][46.55550652][48.46716956][48.21081902][48.25873253][49.16128364][49.39433685][49.52727374][48.5612289][48.33105758][49.22079385][48.87988233][49.17319534][48.70610618][48.44440205][48.77373185][47.88565251][47.66245024][48.20163735][47.94883235][47.26161442][47.34869122][47.15779017][47.15404535][47.38108545][47.49519402][47.22597629][45.77518614][45.86108952][45.44750781][45.38796482][45.83516474][45.89903545][45.94114839][46.36593308][46.38744716][46.06297153][46.86293199][47.31196281][47.54858116][48.00330318][48.56754011][48.59588369][48.7870345][48.90813662][48.65249276][48.63707137][48.85639835][49.35338808][49.27112845][49.46662916][49.44769095][48.90782622][48.32760909][48.12860905][47.83546951][48.68143475][49.05984595][48.94903944][48.83101913][48.95580319][49.04348446][48.92739845][49.02845387][49.50158977][49.47906466][50.24863672][49.64957124][49.39393801][49.62154556][49.72525922][50.39796145][50.53899133][50.47767429][49.84509695][49.57690791][49.53610817][49.55160967][49.85773546][50.26218287][50.52332444][50.31501637][50.52315227][51.05055615][51.46686015][51.42860181][51.18261456][51.59263121][51.57401719][51.73828519][54.86946377][54.30500071][54.38140979][54.16386433][54.29652691][54.49200667][54.30255155][53.77127947][54.0227101][54.0818143][53.86701815][54.0633071][53.82619859][53.37775996][52.72202081][53.32835167][53.81093112][53.80431897][53.53911383][54.05054858][54.62852207][55.43522596][55.12227357][54.2231825][53.26786539][53.49536437][54.16104181][54.20469882][54.16082387][54.03731425][53.5674089][53.68135236][53.82619284][53.72852905][55.84038976][53.27839532][53.13271655][53.59961848][53.74428812][53.61514582][53.4725972][57.18354102][56.79780553][56.23027313][56.20950629][56.47329285][56.42241814][56.12546915][55.96543467][56.20177735][56.13849987][55.81043763][55.39102568][55.77954462][55.90533576][56.81131982][57.36917548][57.50175507][57.55483612][57.40726901][57.72538405][57.68132446][58.73530808][59.59077515][59.73171029][59.51700918][59.68927114][59.59284274][59.61524209][59.42892762][59.43229284][59.54552734][58.98363798][59.06183398][59.40331555][59.49554707][60.19941022][60.58673316][60.88983427][61.00008143][61.69131727][62.17541407][62.40079153][62.75702334][62.77297566][62.94647964][62.15399542][60.92036581][60.29674578][60.58336337][59.97077341][61.39194322][60.7189998][59.73071424][59.48989689][59.70963254][60.16450761][61.17253781][61.29005589][61.60932813][62.11984744][61.98151226][58.90744296][57.77270204][58.09839662][59.16002699][59.16661508][58.91180767][59.25242285][59.39122779][59.0626642][59.00971783][58.83947027][59.8015936][59.9621587][60.89932953][60.96175791][60.36264132][59.92346507][59.06336769][58.98343471][57.91781301][58.18931846][58.71970145][59.01252743][58.90855787][59.18549906][58.08777574][57.86728661][57.76953868][57.5577264][57.21118135][57.8901313][58.59625155][58.78871755][59.0156302][58.82556778][57.4566236][56.92134099][57.78861412][57.35770695][55.86056552][55.41246365][55.48268838][56.01570868][56.73551698][56.99361779][57.36290535][57.29652823][57.60246047][57.24228944][56.80681377][55.7443474][56.18637836][56.73527864][56.9715504][57.27343105][57.44782611][57.36889722][57.74148914][57.68138101][58.41688577][58.99375057][58.67130696][57.35331137][57.13595624][57.30783201][57.00586865][57.18628051][57.672187][58.24000049][58.56772562][59.0918807][59.33420063][59.14508777][59.11974674][59.3094273][59.47024365][60.36982232][61.0223599][61.33457175][61.1575452][60.86472326][60.84195406][60.71605896][60.6686109][60.8552866][61.20528845][61.17633212][60.64256659][60.64631665][60.17012566][60.01596247][60.07555427][59.85172606][59.70654528][60.25267042][60.35957102][60.4922468][60.29642704][59.77399868][59.17964062][58.70659489][58.75088907][59.11028108][58.93050324][59.15140013][58.26098883][58.167587][58.70239804][59.76702984][60.08161884][59.54210011][58.78699891][58.63701481][58.43824247][58.79365958][58.50459833][58.29981858][58.49207209][57.98692332][57.76354445][57.91734755][57.55188465][57.68431035][57.08783827][57.03478767][57.60296872][60.61749241][60.39794967][60.6940016][60.45105969][60.37829559][59.98402826][60.04404935][59.95899217][59.92071805][59.42899138][59.48249307][59.92794612][60.34688743][60.21109711][59.97493847][59.90528001][59.78213822][59.83911999][59.74762039][60.38231724][60.40655591][60.06626205][60.71034129][61.06262527][60.76305649][60.07532543][59.39411491][59.7640738][59.71864253][58.92720608][58.97195595][59.35627637][58.84813134][58.28680219][58.90258579][59.10374907][58.09068297][58.23743959][58.09382766][56.82566212][55.93628338][55.13796691][53.97834355][54.0004727][55.02210516][54.69085137][55.98168649][55.91427194][56.17663992][56.28715411][56.34374134][56.78886589][56.88940761][56.52379341][57.56144996][43.70686481][43.48222279][43.52610232][44.08067224][44.28007781][44.36271906][44.75051554][44.43501281][44.57682693][44.52653711][44.5041349][43.77915167][44.01222934][44.10636649][45.09457689][45.34964932][45.57716008][45.69523752][45.75199533][45.29235802][44.8736688][45.15750118][45.32148809][45.29618955][45.05284567][44.28691363][44.04631185][43.80727616][43.25169283][42.74009501][41.89880467][42.48001214][43.70633815][44.25226257][44.70338447][44.77211202][44.36692684][44.4349505][44.42544521][44.39718003][44.38107066][44.04339544][43.26425436][42.76892242][42.77569132][43.74763955][43.89838206][43.53556138][43.30820858][42.1951256][42.05494179][41.35943033][41.51029289][41.29002628][42.45773683][42.45334275][42.17011021][42.04061875][41.83806942][41.48246386][41.22021965][41.61519077][42.54250683][42.41897424][42.63068831][42.66821989][42.35590666][42.68432639][42.6965382][42.97460207][43.21734814][43.4162965][44.61508214][44.38115305][44.70680369][44.84176904][44.90682403][45.29921393][43.68600368][45.24875613][45.53612114][45.37804861][45.00909934][45.11646224][44.82585521][44.7126632][44.06548466][43.953891][44.13214573][44.118248][44.5962309][44.59268649][44.95905878][45.13534504][45.33073695][45.21418174][44.76871493][44.24075438][43.82294534][43.99360439][44.69057943][44.5360605][44.46010546][44.8643358][44.91460954][45.25861232][45.37806469][45.36575728][46.20832228][46.30530008][45.99338627][46.30569576][46.11950305][45.84835338][46.22352054][46.17598061][45.6904586][45.57389306][45.60831871][45.44396858][45.08813847][45.03741277][44.70280301][44.71280649][44.94285605][44.70929798][44.75652379][44.73474008][45.37201708][45.55498183][45.21701977][45.05311959][45.11784576][45.11310822][45.4100885][45.21785309][45.58890959][45.48527829][45.42879097][45.34322355][45.54560634][45.26106099][44.59861322][44.27372956][44.08800776][44.27074767][43.87320185][43.56095093][43.25805542][43.20158792][43.55799804][43.6178276][43.28951068][42.69662806][42.82616806][42.81648187][43.00435447][42.83849358][42.96485902][42.90474232][43.11677886][43.19850642][43.14152663][42.4943392][42.08757837][42.27579955][42.63375316][42.49184431][42.80096917][42.35873665][42.29901677][42.4917168][42.98077544][43.4604339][43.41895477][43.44118469][43.23285653][43.16043096][42.93937988][43.09489264][43.39379952][42.95177891][42.54565841][43.37209191][43.59573666][43.80130808][44.07207094][44.04379398][43.99943177][43.98053948][43.72148992][43.18870796][43.50761089][43.01803568][42.15085383][41.95829076][41.81972758][41.88154974][42.60215411][41.78642677][41.1348986][40.19617713][38.211497][38.73062597][38.8797528][39.76319048][39.80709184][39.70681418][38.54805774][38.81340011][39.13207912][38.54208852][39.3845797][39.56047435][39.14159416][39.16368826][39.15699086][39.35778507][39.78051229][39.93313541][39.23917411][39.20751325][38.52934003][38.44100436][37.95525896][38.08765078][37.33022996][37.13849904][37.66836401][37.5732402][37.57140145][38.59270337][38.42517925][38.82935273][39.12921209][39.45707734][39.3743664][39.1792452][38.80985257][38.7852518][39.1351836][39.34366625][39.59583865][39.62371505][39.63367463][40.2049524][40.21706943][40.17323095][40.61810051][40.85454025][41.05634214][41.52996275][41.53578293][41.55157645][41.52636034][41.40334835][41.20132477][41.20304916][41.20111631][40.75354972][40.47234116][40.42260266][40.99447228][42.17679328][42.24685213][42.26642893][42.88963048][43.4607044][44.16412964][44.81392769][44.92379666][44.82548395][44.01186468][43.56395751][43.88186343][43.93952036][44.04727235][44.35279743][44.30265261][43.61438056][43.40023191][43.92076907][44.34687241][44.33037883][43.51347448][43.85785282][44.20476684][44.73785893][45.03453541][44.9363628][45.26477708][45.26131422][44.99327826][44.0088331][43.78496983][43.70023227][42.85694453][42.29733691][41.67733432][41.56721091][41.08700692][40.69394561][40.34998673][40.79738218][40.41631701][40.68717206][41.21092281][40.88611669][40.98666817][40.67128293][40.1313171][40.48926346][40.87512964][40.49473045][40.50102154][40.67163524][40.11867143][38.72455995][38.46083621][39.36248621][38.6841556][39.38772382][40.23316561][40.31360923][40.83517621][40.56448022][41.22043614][40.80052515][40.44168301][40.86070127][40.95525627][40.75961628][41.46703789][42.07247141][42.24576861][42.46972033][42.49824252][41.87916694][41.45366945][41.39691137][42.11425925][42.1888368][41.6902051][41.87552396][42.38455404][43.08217662][43.03716657][42.91775181][42.87943116][42.46343122][42.7061681][42.99693854][43.41584282][43.06885986][43.16094066][43.34955388][42.7279946][43.0128007][42.91099812][42.82913589][42.85103445][42.7804869][43.46410209][43.93960305][43.91132838][44.17979165][44.44455545][44.5390909][44.79325243][44.89853287][44.72194682][44.66491881][44.55810837][44.40811166][43.99010937][44.55197319][44.35916489][43.87956934][43.91145444][44.3154341][44.53893671][44.81695177][45.55822964][45.68741585][45.63690637][45.80110231][47.72178392][47.34344822][47.32492177][47.80412423][47.63038824][47.83897973][48.17653865][48.34662569][48.51404558][48.65905377][48.69540453][48.74732656][48.53910492][48.63069411][48.60532724][48.78543358][48.83887296][48.40324653][48.05308273][47.67329198][47.94911576][47.97643961][48.19205104][48.77926222][48.9807333][48.96494611][49.34680751][47.4174371][46.10926672][45.88633635][46.64332273][47.00640415][47.42253846][46.99616722][47.07906116][47.3813459][48.09472036][48.37495722][49.06329963][49.34973456][49.59272929][49.57681344][49.47774829][49.59611547][49.7536898][49.63991519][49.41917306][49.12251468][49.42605427][49.93365114][50.16398613][50.58215896][50.68096767][50.22338784][49.8230413][49.80710163][50.06306134][50.16987178][50.08039348][50.2110672][50.63413526][50.74904819][51.04093657][50.99660477][51.18573341][49.68735551][50.01935296][50.3555407][50.53765861][50.10323312][49.81714848][50.18581865][50.32477492][50.21394314][49.79773072][49.78202793][49.90179531][49.69375026][49.81676225][49.78516458][48.73378129][48.17710692][48.02779482][47.80399069][48.12310616][47.99300851][47.91773001][48.44158959][48.84516321][49.31218489][49.36261311][49.32785695][49.37203914][49.8137732][49.62081159][49.67677478][49.76648192][49.7693033][49.86414198][49.9399721][50.08492028][50.46987156][49.41210009][48.46479359][47.9147128][48.15409192][48.0344394][48.43486403][48.62785639][48.84357349][48.41600878][48.65896418][47.6106989][46.42865866][46.72171867][46.38444375][46.42566127][46.65568529][46.38123271][46.54877981][47.15943964][48.27460071][48.46348991][48.58363945][49.7098054][49.39379529][48.98632582][48.35940291][49.47930047][48.84181952][48.49132897][47.94904023][47.67448316][47.37536635][47.69849834][47.12216944][47.09172924][47.39352268][46.67421864][46.67522307][47.3184845][47.59919486][47.66870516][48.32513374][48.92738466][49.09751681][49.17326135][49.18883666][49.20507841][49.21384001][48.61459278][48.84542136][48.9522786][48.76943187][48.92089311][49.24427235][49.05288811][48.54542245][48.48851762][49.12942748][49.83580587][49.59877633][50.24038453][50.87525171][50.96175616][51.52424942][51.38437626][51.32788464][51.09595218][51.17300017][50.57993637][50.45701683][50.28037278][50.44116934][50.78891063][50.97434555][51.21921428][50.87309344][51.33318934][51.91486065][51.52972701][51.89584832][51.84527452][52.17972521][52.334529][52.97797651][53.0060025][53.18901664][52.95889414][53.99698859][53.86998281][53.78278624][54.06272792][53.92509257][53.96827974][54.1073035][54.23005936][53.95551864][54.41336123][54.28019183][54.24942199][54.03114202][53.71757992][53.88161161][53.94303146][54.50013934][54.76973545][54.66225136][56.40425723][55.86720695][55.66879523][55.73478296][55.59685747][55.50798433][55.70031425][56.07185431][55.44191075][55.80752552][55.63699368][55.63881857][55.4382176][55.4826789][55.4032906][55.27432375][55.41023267][55.37824274][55.34676884][55.20496189][55.2047207][54.91146572][55.63606872][55.58980952][55.64952335][55.65587705][55.67492898][56.61377193][57.19868987][57.32788903][57.55069407][57.50130856][58.00010968][58.14505526][58.25495824][58.74472488][58.99664774][58.78838189][58.91188347][58.87340862][58.45739261][58.45102656][58.70695871][59.98644938][58.36552891][58.23018969][58.39426387][58.57693831][61.51670322][61.0856368][61.54559896][61.52383937][62.13304759][62.19938077][62.4862846][62.88017031][62.65276953][62.2571066][62.53180095][62.4808105][61.99938145][61.23334575][61.37554206][61.59927553][61.29018222][61.59000053][62.26248451][62.577199][62.20792009][62.43579494][62.30867487][61.68737919][61.24592999][61.49535681][61.30883648][61.34089645][61.59912767][61.69755756][61.52037366][61.7666535][61.81570908][61.99358105][62.65644545][63.19240542][63.41501378][63.58360961][63.32797265][63.37862857][63.26473968][63.2086001][63.41650271][63.19817998][62.35915565][62.0000769][62.07897504][62.23947096][62.09455812][62.17678699][62.31244294][62.44774543][62.61561584][62.5738648][62.00293272][61.19512533][61.29380791][61.83901761][61.68120007][64.12623485][63.56405549][63.18651347][63.53360724][64.48658479][64.80298664][64.75391094][64.88008859][65.20693239][65.21488328][65.55245081][66.28448841][66.57080448][66.04443936][66.45129608][66.81575359][67.00954804][67.65038206][67.94958557][67.55193121][67.32844869][67.61545792][67.83609236][67.96223814][67.92744063][67.66893004][67.65627031][67.19194223][66.31841787][66.21154368][66.06305628][65.94500609][66.49892047][67.05385888][67.32548605][67.54262375][67.82076315][68.26202284][68.36287583][68.40391104][68.88402691][69.08813504][68.78548072][68.15438026][68.1310901][68.41210571][68.94027388][68.99677182][69.00648126][69.52044738][69.28734669][69.51445773][69.33437323][69.56187824][69.78872827][69.76678089][69.93729436][69.87712308][69.96230488][69.75097673][69.38160651][70.84884331][68.62522803][69.02574225][69.00018125][69.95686346][70.3410756][71.3066793][71.71630457][70.5898575][70.71346704][70.84884331][71.81482406][71.48188136][70.77958456][70.80441795][69.68953406][68.01262619][67.69416426][68.16191241][68.90796208][69.00624697][68.70365294][68.81376057][68.48571583][69.06060207][69.70964378][69.42607843][69.4477536][69.25566575][69.05999217][68.95280096][68.94027933][69.06639466][68.96515117][69.2368935][70.34834733][70.89254886][71.07355971][71.5083333][72.98211164][72.63707826][72.38819327][72.83688318][73.27745547][73.39482212][73.6469635][74.23884705][74.69133928][75.12139371][74.97501861][75.42286576][75.87446718][75.89313292][74.96187562][75.12950427][74.56165975][73.46973226][71.64865176][69.65736304][70.00177624][68.72715804][68.60626829][69.87786482][69.8332335][70.65133186][75.2415684][73.5681564][72.87069894][73.07305478][72.7851407][72.4889538][72.35331939][71.68379092][70.84521654][69.78507967][68.95330692][69.15495547][69.67864852][70.50178079][71.42304614][72.38885803][72.55834753][72.48275402][72.1510018][71.76688295][71.52389539][71.29653455][71.37566755][71.27439678][70.0121577][68.88264177][69.4819104][69.61448982][68.6337622][68.70694095][67.70238406][67.13296894][66.81960584][67.62784834][66.49466026][67.17075667][68.18344142][67.89614275][68.76087308][69.06939896][69.69756951][70.17676221][71.14568091][70.53877978][69.53302728][69.72287007][68.61401964][68.18263744][68.1138312][68.06004579][67.96817177][67.75763384][67.93076827][67.86802055][68.40775322][69.11708824][68.91358892][69.55589899][70.16786136][70.91835734][71.28074735][64.67260844][64.35570286][64.99972632][65.96899291][67.14895715][67.1668872][66.34419967][66.34369344][65.54222595][64.26458325][64.5303535][64.34349461][64.68484602][65.18317246][65.43231503][66.46793356][67.2871479][67.51463568][67.86484659][67.9530602][68.17344022][68.06943794][67.8392537][67.05344365][65.85459344][65.13181102][64.87088222][65.18258871][64.01196868][63.75451046][64.02788311][63.29037762][63.89768141][63.36916749][63.67158005][63.64061982][64.09492547][64.80652644][65.41036075][64.76368128][65.34086855][65.39433579][64.90512151][64.79221811][64.92748984][65.92478486][65.79824309][65.61209402][66.45182906][67.41707094][68.18675725][68.05641239][67.23602537][67.57980268][67.36874767][66.87743848][67.37881172][67.9628268][69.08591094][69.35015356][68.88299348][68.30265489][68.11978091][68.33819986][67.39065085][67.1234553][66.93654215][66.47327593][66.76367939][67.13954058][67.48909793][67.68169202][67.92742024][68.44518488][68.62813927][68.92149561][69.02249216][69.00327972][68.83593219][68.92153867][69.06976221][69.63120047][69.38500389][69.42781373][70.55625454][70.69711416][70.96201865][70.62155194][70.91852532][72.11157375][72.61181706][71.88623339][71.91049784][72.06952721][72.1770219][72.17524354][72.58298728][72.940596][73.42012726][72.95854533][72.15148707][71.318558][70.96082404][70.04911299][67.84460533][68.12018349][67.65614942][68.72336361][68.89608594][68.34006475][67.22022525][66.3657973][64.7476609][64.47232887][64.21533292][64.426564][65.1317324][65.07348756][66.77971215][66.94026887][67.79523435][67.79188491][67.82662182][69.31365084][69.6246917][69.14824168][67.34303653][66.55210116][66.09408198][66.10830523][66.73243578][65.86961918][69.01448891][69.59652387][69.53727147][70.68178034][70.76393719][72.35307783][73.04470111][73.56385959][75.50909909][75.48672627][73.063807][72.75024876][72.01925748][73.12926009][73.66888938][73.35306162][71.59584632][70.39543253][70.04414157][69.6398326][67.68087741][66.65844275][64.92112066][66.44349649][67.5251098][68.33711186][68.72329124][67.9271156][66.6076906][66.90013363][68.29281216][69.46408007][70.56245147][71.12695256][71.49936154][71.39775594][71.88394439][72.09760003][72.04829829][73.21838195][72.81088859][73.50807273][73.31618556][74.68225036][74.41070414][75.04440746][76.1339676][77.01669802][77.40094865][77.29047205][77.34770423][77.49893347][76.88974221][76.73582856][77.30010599][78.13620041][78.44825289][78.19282411][79.12070098][78.99383189][79.32444838][79.08893333][79.37279784][80.33199015][80.00003203][80.06114055][80.42332893][81.78521209][82.00601834][80.87091935][80.47932323][79.83957718][79.1706152][80.00741459][80.82401658][81.28119243][81.36042508][82.00695067][81.99723403][82.27491487][82.08701068][82.45888005][81.63152205][80.45354296][81.59371296][81.02169752][80.58422253][81.31921903][82.29109863][82.39130324][82.67265882][82.42578002][82.38239579][82.50526477][82.41994746][82.63159263][82.47634979][82.34727699][81.73512995][80.72416195][78.38056822][77.29089417][77.22104535][88.92223378][77.03027734][77.47455067][78.90769043][80.72274176][80.31521434][79.32162912][79.02931395][80.12709295][79.79652206][79.05295339]
 Actual Values: 
 [33.16] [33.02] [33.03] [33.31] [33.13] [34.28] [35.59] [36.95] [35.98] [37.8] [39.835] [39.85] [35.24] [35.82] [36.81] [36.57] [36.8] [38.02] [37.41] [36.9] [37.6] [37.13] [37.96] [37.34] [38.34] [37.5] [35.81] [35.62] [35.01] [33.42] [35.13] [35.37] [36.58] [37.3] [38.39] [37.53] [37.13] [36.67] [36.23] [34.85] [34.81] [34.06] [33.0] [33.53] [33.73] [33.63] [33.99] [34.43] [33.91] [34.84] [35.19] [35.25] [34.14] [34.93] [35.84] [36.15] [35.88] [37.09] [37.62] [38.82] [38.88] [39.14] [39.06] [39.76] [40.0] [41.37] [41.77] [40.88] [40.92] [42.87] [44.27] [42.38] [41.93] [43.33] [43.08] [44.21] [44.4] [44.74] [44.76] [44.7] [45.0] [44.24] [44.69] [43.74] [44.5] [43.0] [44.04] [43.27] [42.55] [42.73] [43.53] [42.71] [43.5] [43.8] [43.74] [44.17] [43.6] [42.29] [42.47] [43.9] [44.24] [44.44] [43.96] [45.14] [45.1] [45.93] [45.45] [45.09] [44.89] [43.99] [43.57] [44.87] [45.05] [45.42] [44.1] [44.76] [44.51] [44.74] [44.34] [43.66] [44.13] [43.5] [42.97] [42.62] [43.21] [42.59] [42.4] [42.29] [42.41] [42.17] [41.36] [40.38] [40.3] [41.12] [42.2] [42.51] [42.03] [42.7] [43.15] [42.15] [40.67] [40.65] [39.66] [40.61] [39.53] [38.87] [40.91] [40.67] [41.9] [40.0] [38.83] [40.06] [40.03] [40.84] [41.02] [41.47] [41.64] [41.46] [39.2] [38.35] [37.61] [38.73] [40.55] [39.62] [40.05] [38.94] [39.2] [39.09] [39.67] [39.85] [40.47] [41.18] [40.69] [39.48] [38.44] [38.0] [38.44] [38.05] [38.35] [39.53] [38.82] [39.26] [38.8] [37.95] [38.17] [37.45] [36.89] [36.55] [36.82] [36.88] [37.13] [38.16] [38.21] [36.82] [36.6] [35.92] [36.94] [36.85] [37.92] [38.03] [38.73] [37.9] [38.54] [39.73] [39.35] [40.29] [40.56] [40.43] [40.27] [40.62] [40.33] [37.5] [37.23] [37.02] [36.9] [37.05] [37.23] [37.26] [37.82] [37.38] [37.07] [36.96] [37.33] [36.97] [37.06] [37.11] [37.48] [38.32] [38.24] [37.92] [37.46] [38.44] [39.46] [39.56] [39.53] [39.55] [39.53] [38.87] [38.86] [38.48] [38.49] [38.48] [38.5] [39.08] [39.0] [39.22] [39.45] [38.59] [38.66] [38.2] [37.77] [37.69] [37.32] [37.47] [37.99] [37.59] [36.47] [35.66] [35.38] [35.64] [36.19] [36.17] [36.0] [36.04] [37.37] [37.0] [37.63] [37.78] [37.58] [36.63] [37.06] [36.66] [36.42] [36.14] [35.79] [37.01] [35.94] [36.32] [36.16] [36.69] [37.36] [37.12] [38.09] [38.37] [38.6] [37.95] [38.14] [38.54] [38.5] [37.8] [38.75] [39.8] [40.39] [39.72] [39.98] [40.76] [41.48] [40.58] [40.68] [40.89] [41.11] [40.82] [40.22] [39.69] [42.17] [41.94] [42.14] [42.6] [42.47] [43.0] [43.64] [43.66] [43.43] [43.07] [43.15] [43.64] [44.05] [43.96] [44.54] [44.56] [44.73] [45.19] [44.96] [44.58] [44.35] [45.08] [44.8] [44.56] [44.72] [44.9] [45.07] [45.17] [44.81] [44.81] [44.72] [43.48] [42.21] [42.84] [42.14] [41.83] [42.09] [40.62] [40.99] [41.78] [41.18] [41.75] [42.35] [43.0] [43.3] [43.5] [42.99] [42.8] [42.56] [43.03] [43.1] [42.46] [42.68] [42.25] [42.45] [41.79] [41.49] [41.4] [41.4] [42.08] [41.83] [41.12] [40.63] [40.54] [40.73] [41.44] [41.73] [41.73] [42.35] [43.54] [44.5] [43.46] [43.08] [41.77] [41.89] [42.03] [42.21] [42.72] [43.05] [42.44] [41.64] [41.2] [41.42] [41.49] [41.93] [41.44] [42.18] [42.4] [42.97] [43.12] [43.43] [42.98] [44.9] [45.43] [45.02] [45.48] [46.3] [46.72] [45.7] [45.36] [46.09] [45.98] [46.21] [45.91] [45.65] [46.175] [45.32] [44.5] [45.16] [45.35] [44.22] [44.78] [43.87] [44.34] [44.38] [44.38] [44.74] [43.11] [42.6] [42.44] [42.01] [43.1] [42.56] [43.0] [43.05] [43.5] [42.82] [43.46] [44.38] [44.6] [44.64] [45.69] [45.78] [45.7] [46.09] [45.95] [45.66] [45.83] [46.23] [46.31] [46.67] [46.62] [46.31] [45.59] [45.55] [45.04] [45.51] [46.06] [46.26] [45.93] [45.88] [46.5] [45.85] [45.89] [46.45] [46.77] [47.59] [46.81] [46.63] [46.43] [46.93] [46.89] [47.96] [47.64] [47.08] [46.88] [46.63] [46.89] [47.04] [46.93] [47.82] [47.71] [47.59] [48.04] [48.6] [48.9] [48.6] [49.06] [48.73] [48.77] [52.92] [51.035] [51.91] [51.61] [51.59] [51.96] [51.84] [51.02] [50.7] [51.59] [51.56] [51.17] [51.34] [51.18] [50.23] [50.29] [50.88] [51.2] [51.08] [51.22] [51.25] [52.93] [53.04] [52.1] [50.76] [50.67] [51.34] [51.79] [51.52] [51.76] [51.15] [50.92] [51.39] [51.18] [51.19] [51.08] [50.14] [50.63] [51.2] [50.89] [51.2] [54.03] [54.45] [53.67] [53.83] [53.8] [54.10000000000001] [54.11] [53.26] [53.78] [53.849999999999994] [53.47] [52.92] [52.84] [53.35] [53.76] [54.8] [54.91] [55.35000000000001] [54.63] [55.36] [55.25] [55.96] [56.5] [57.57] [57.47] [57.45] [57.5] [57.24] [57.23] [57.05] [57.45] [57.1] [56.39] [57.4] [56.95] [57.33] [58.4] [58.51] [58.77] [59.16] [59.82] [60.24] [60.83] [60.69] [60.82000000000001] [60.47999999999999] [59.22] [57.89999999999999] [58.5] [57.67] [58.42] [58.61] [58.150000000000006] [56.32] [57.58] [57.51] [58.46] [59.269999999999996] [59.0] [60.0] [59.45] [57.15] [55.38000000000001] [55.00999999999999] [56.14] [57.25] [56.45] [56.8] [56.98] [57.02] [56.45] [56.12] [57.22] [57.71] [58.39] [59.06] [58.29] [58.23] [56.519999999999996] [57.16] [55.61] [55.68] [55.97] [56.72] [56.53999999999999] [57.18] [56.08] [55.5] [55.400000000000006] [55.6] [54.85] [54.97] [56.2] [56.42] [56.77000000000001] [57.1] [55.56] [54.21] [55.44] [55.57] [53.69] [53.19] [52.84] [53.55] [53.74] [54.61] [54.7] [54.85] [55.230000000000004] [55.25] [54.85] [53.29] [53.43] [53.94] [54.5] [54.31] [55.08] [55.129999999999995] [55.03] [55.260000000000005] [55.58] [56.629999999999995] [56.78] [54.6] [54.39] [54.9] [54.87] [54.58] [55.0] [55.65] [56.31] [56.41] [57.18] [56.87] [56.96] [56.73] [57.02] [57.45] [58.58] [59.0] [59.16] [58.33] [58.9] [58.53] [58.57] [58.27000000000001] [58.86] [59.2] [57.84] [58.71] [58.03] [57.61] [57.989999999999995] [57.52] [57.5] [57.74] [58.13000000000001] [58.19] [58.2] [57.84] [57.05] [56.41] [56.33] [56.92] [56.7] [56.88000000000001] [56.47] [55.42] [55.86] [57.0] [58.11] [57.6] [56.519999999999996] [56.489999999999995] [56.29] [56.22] [56.22] [55.77] [56.19] [55.9] [55.230000000000004] [55.98] [55.31] [55.44] [54.99] [54.48] [54.78] [58.95] [57.75] [58.52] [58.32] [58.36] [57.89999999999999] [57.879999999999995] [57.75] [58.0] [57.14] [57.33] [57.23] [58.21000000000001] [58.12] [57.58] [57.72] [57.69] [57.6] [57.52] [57.61] [58.5] [57.81999999999999] [58.0] [59.2] [58.82] [58.13000000000001] [57.25] [56.88000000000001] [57.86] [56.790000000000006] [56.04] [57.21] [56.85000000000001] [56.13] [56.23] [57.06] [56.25] [55.06] [56.28] [54.91] [53.73] [53.04] [50.87] [50.78] [52.17] [52.07] [52.86] [53.769999999999996] [53.59] [53.7] [53.94] [54.12] [54.59] [53.91] [55.209999999999994] [39.9] [40.26] [40.61] [40.39] [41.39] [40.98] [41.52] [41.3] [41.55] [41.36] [41.57] [40.25] [40.82] [40.56] [41.75] [42.44] [42.33] [42.68] [42.74] [42.69] [41.6] [41.98] [42.15] [42.23] [42.23] [40.99] [41.36] [40.5] [40.2] [40.07] [38.3] [38.34] [40.48] [40.9] [41.38] [41.98] [41.42] [41.34] [41.36] [41.21] [41.39] [41.18] [40.32] [39.81] [39.52] [40.24] [41.0] [40.61] [40.47] [39.03] [39.33] [37.83] [38.43] [37.75] [38.51] [39.6] [38.79] [38.7] [39.01] [38.0] [38.01] [37.9] [39.04] [39.33] [39.22] [39.54] [39.23] [39.31] [39.64] [39.58] [39.97] [40.01] [41.12] [41.4] [41.09] [41.89] [41.62] [42.34] [42.23] [42.3] [42.34] [42.45] [41.95] [41.99] [41.95] [41.54] [41.22] [40.79] [40.99] [40.96] [41.16] [41.52] [41.45] [42.05] [42.39] [42.12] [42.13] [41.17] [40.68] [40.6] [41.52] [41.28] [41.46] [41.47] [41.68] [41.94] [42.43] [42.16] [42.8] [43.59] [42.96] [43.28] [43.14] [42.74] [43.33] [43.42] [42.72] [42.42] [42.71] [42.74] [41.87] [42.04] [41.83] [41.41] [41.88] [41.72] [41.86] [41.59] [42.23] [42.39] [42.36] [42.05] [42.18] [42.14] [42.05] [41.57] [42.5] [42.57] [42.27] [42.48] [42.27] [42.45] [41.79] [41.43] [40.94] [41.31] [40.89] [40.54] [40.26] [39.93] [40.4] [40.57] [40.33] [39.63] [39.59] [39.76] [39.8] [39.8] [39.81] [39.89] [39.47] [39.8] [40.0] [39.6] [39.08] [38.89] [39.36] [39.11] [39.53] [39.48] [39.27] [39.29] [39.72] [40.05] [40.42] [40.36] [40.2] [40.06] [39.97] [39.29] [40.37] [40.11] [39.04] [40.0] [40.5] [40.26] [41.05] [40.92] [40.94] [40.94] [40.95] [40.14] [40.24] [40.19] [39.05] [38.94] [38.62] [38.36] [39.11] [38.69] [38.01] [37.13] [33.87] [35.68] [35.36] [36.17] [36.45] [36.44] [35.3] [35.41] [35.61] [35.04] [35.82] [36.5] [35.61] [35.66] [35.92] [35.75] [36.15] [36.63] [35.86] [35.96] [35.19] [35.1] [34.56] [34.7] [34.13] [33.36] [34.08] [34.32] [33.18] [35.04] [35.13] [35.2] [35.39] [35.94] [36.08] [35.76] [35.64] [35.12] [35.69] [35.69] [36.11] [36.54] [36.03] [36.5] [36.98] [36.67] [37.06] [37.47] [37.72] [37.87] [38.31] [38.33] [38.27] [38.1] [38.04] [37.89] [38.16] [37.36] [37.39] [36.75] [36.5] [38.43] [39.16] [38.78] [39.29] [39.81] [40.59] [41.32] [41.97] [42.16] [41.07] [40.64] [40.23] [40.92] [40.61] [41.25] [40.96] [40.75] [40.22] [40.75] [41.01] [41.55] [40.56] [40.51] [41.01] [41.62] [41.79] [42.02] [42.08] [42.36] [41.9] [41.06] [40.73] [40.24] [40.14] [39.22] [38.71] [38.43] [38.35] [36.94] [36.67] [37.64] [36.68] [37.35] [37.91] [37.4] [37.89] [37.39] [37.27] [36.44] [37.37] [37.18] [37.27] [37.15] [37.26] [35.61] [34.21] [35.63] [35.12] [35.84] [36.72] [35.22] [37.73] [36.98] [37.88] [37.64] [36.65] [37.62] [37.75] [37.59] [37.63] [38.49] [38.92] [39.14] [39.04] [38.97] [38.31] [38.17] [38.43] [38.98] [38.59] [38.09] [39.06] [39.33] [40.07] [39.56] [39.9] [39.16] [39.54] [39.35] [40.36] [40.01] [39.56] [40.32] [39.73] [39.29] [39.89] [39.69] [39.86] [39.47] [39.52] [40.86] [40.77] [40.72] [41.18] [41.42] [41.5] [41.98] [41.71] [41.82] [41.35] [41.25] [40.92] [41.2] [41.32] [40.81] [40.64] [40.86] [41.51] [41.5] [42.19] [42.59] [42.55] [42.61] [44.96] [44.45] [44.07] [44.86] [44.89] [44.76] [45.12] [45.58] [45.55] [45.79] [45.75] [45.91] [45.73] [45.72] [45.81] [45.75] [45.98] [45.73] [45.32] [44.7] [45.11] [44.72] [45.42] [45.57] [46.21] [46.15] [46.5] [44.56] [43.63] [42.67] [43.55] [43.68] [44.36] [44.31] [43.65] [44.47] [44.86] [45.61] [45.77] [46.64] [46.86] [46.96] [46.6] [46.67] [46.96] [46.98] [46.72] [46.49] [46.21] [47.0] [47.19] [47.49] [48.11] [47.71] [47.1] [47.16] [47.1] [47.57] [47.11] [47.51] [47.62] [47.97] [48.17] [48.27] [48.63] [46.88] [46.58] [47.63] [47.73] [47.74] [46.67] [47.41] [47.45] [47.66] [47.12] [47.03] [47.23] [46.9] [47.07] [47.07] [46.51] [44.59] [45.36] [45.01] [44.86] [45.39] [44.9] [45.33] [45.98] [46.38] [46.43] [46.46] [46.53] [46.9] [47.05] [46.5] [46.82] [47.07] [47.04] [47.01] [47.33] [47.58] [47.19] [45.78] [44.84] [45.38] [45.08] [45.7] [45.41] [46.0] [45.67] [45.88] [45.26] [43.42] [43.97] [43.38] [43.33] [43.73] [43.47] [43.33] [43.69] [44.99] [45.48] [45.41] [46.6] [46.77] [46.66] [45.33] [46.3] [46.16] [45.91] [45.22] [44.94] [44.18] [44.74] [44.52] [43.6] [44.79] [44.08] [43.27] [44.21] [44.58] [44.56] [44.99] [45.91] [46.18] [46.31] [46.43] [46.08] [46.61] [45.89] [45.75] [46.21] [45.93] [46.08] [46.37] [46.51] [45.68] [45.76] [45.93] [46.93] [47.05] [46.63] [48.01] [48.34] [48.03] [48.9] [48.6] [48.37] [48.67] [48.04] [47.83] [47.6] [47.77] [47.6] [48.42] [48.32] [48.48] [48.04] [48.93] [48.88] [49.09] [49.13] [49.42] [49.37] [50.1] [50.51] [50.63] [50.24] [51.14] [51.68] [50.65] [51.66] [51.31] [51.44] [51.38] [51.74] [51.52] [51.62] [52.04] [51.38] [51.64] [51.06] [51.26] [51.42] [51.69] [52.14] [52.24] [53.31] [53.43] [53.06] [53.33] [53.28] [52.79] [53.04] [54.05] [52.6] [53.29] [53.26] [53.06] [53.07] [52.9] [53.2] [52.72] [52.7] [53.07] [52.9] [52.7] [52.85] [52.43] [52.63] [53.02] [53.35] [53.33] [53.26] [53.93000000000001] [54.75] [55.0] [54.93] [55.31] [55.5] [55.85] [55.68] [56.2] [56.85000000000001] [56.650000000000006] [56.42] [56.85000000000001] [56.13] [56.16] [56.07] [58.38] [56.31] [55.9] [56.09] [56.519999999999996] [59.8] [58.5] [59.53] [59.230000000000004] [59.540000000000006] [59.45] [60.01] [60.8] [60.8] [60.14] [60.26] [60.620000000000005] [60.31] [59.14] [59.07] [59.540000000000006] [59.22] [59.370000000000005] [59.58] [60.55] [60.31] [59.94] [60.59] [59.79] [59.13] [59.269999999999996] [59.349999999999994] [59.0] [59.59] [59.19] [59.46000000000001] [59.53] [59.48] [59.99] [60.33] [61.25] [61.28] [61.60000000000001] [61.43000000000001] [61.32000000000001] [61.45] [60.83] [61.38000000000001] [61.57000000000001] [60.58] [59.82] [59.91] [60.32] [60.04] [60.0] [60.15] [60.52] [60.16] [60.67] [60.07] [59.349999999999994] [58.7] [59.8] [59.7] [62.150000000000006] [62.0] [60.760000000000005] [61.09] [61.870000000000005] [62.72] [62.870000000000005] [63.06] [63.10000000000001] [63.040000000000006] [63.400000000000006] [64.0] [64.9] [64.02] [64.56] [64.85] [65.15] [65.5] [66.27] [65.91] [65.31] [65.68] [66.09] [66.25] [66.31] [65.88] [65.85] [65.8] [64.65] [64.27] [64.25] [64.0] [64.29] [65.06] [65.15] [65.85] [65.68] [66.49] [66.68] [66.68] [66.65] [67.63] [67.2] [66.68] [66.38] [66.44] [67.19] [67.45] [67.31] [67.9] [67.53] [67.81] [67.8] [67.74] [68.2] [68.08] [68.09] [68.27] [68.32] [68.1] [67.92] [69.22] [66.45] [66.98] [67.29] [67.5] [68.53] [69.28] [70.05] [69.14] [68.84] [69.22] [69.56] [70.5] [68.97] [69.19] [68.94] [66.2] [65.88] [65.91] [66.94] [67.43] [67.0] [67.23] [66.93] [66.88] [68.24] [67.71] [68.04] [67.58] [67.46] [67.31] [67.21] [67.44] [67.5] [67.42] [67.62] [69.54] [68.73] [69.73] [70.68] [71.45] [70.92] [70.73] [72.02] [71.72] [72.2] [72.48] [73.17] [74.05] [73.66] [74.17] [74.3] [74.48] [73.99] [73.77] [73.18] [72.32] [70.86] [66.96] [68.19] [68.09] [66.4] [67.46] [67.97] [67.8] [74.94] [71.97] [71.5] [71.12] [71.72] [71.15] [71.0] [70.75] [69.42] [68.47] [66.82] [67.25] [67.78] [67.36] [69.72] [70.27] [71.2] [71.0] [71.07] [70.09] [69.92] [69.79] [69.77] [69.88] [68.7] [67.58] [67.2] [68.48] [67.22] [66.75] [66.65] [64.94] [64.15] [65.82] [65.01] [64.92] [66.14] [65.98] [66.56] [67.5] [67.83] [68.6] [69.12] [69.48] [68.04] [67.71] [66.39] [66.69] [66.22] [66.34] [66.49] [65.63] [66.0] [65.77] [66.03] [67.16] [67.08] [67.38] [68.12] [69.19] [69.73] [61.84] [62.510000000000005] [61.980000000000004] [63.63000000000001] [64.75] [65.62] [64.21] [64.62] [63.94] [62.63000000000001] [62.24000000000001] [62.650000000000006] [62.47] [63.17] [63.46000000000001] [63.75] [65.41] [65.35] [65.68] [65.97] [66.6] [66.45] [66.11] [65.48] [64.22] [63.540000000000006] [62.81] [63.58] [62.46000000000001] [61.230000000000004] [62.260000000000005] [61.13000000000001] [61.68000000000001] [61.36] [61.93000000000001] [61.480000000000004] [61.92] [62.43000000000001] [63.370000000000005] [62.59] [63.33] [63.52000000000001] [63.230000000000004] [62.52000000000001] [63.03] [63.61] [63.83] [63.7] [63.94] [65.14] [66.0] [66.65] [65.87] [64.93] [65.84] [64.75] [65.5] [65.7] [66.83] [67.74] [67.48] [66.82] [66.44] [66.05] [65.94] [65.04] [65.48] [64.57] [64.74] [64.74] [65.69] [65.74] [66.33] [66.41] [66.69] [67.0] [67.14] [67.34] [67.28] [67.0] [67.15] [67.82] [67.7] [67.6] [68.1] [69.28] [69.64] [69.1] [69.04] [69.73] [71.43] [70.68] [70.17] [70.57] [70.58] [70.69] [70.68] [71.24] [71.68] [71.92] [70.67] [69.96] [69.34] [69.41] [66.64] [66.1] [65.92] [66.25] [67.17] [67.12] [65.81] [64.69] [62.82000000000001] [62.92] [61.49000000000001] [61.82000000000001] [63.650000000000006] [62.35000000000001] [64.35] [65.07] [65.8] [66.03] [66.04] [66.51] [67.99] [67.6] [66.16] [64.59] [64.64] [63.32000000000001] [64.38] [64.67] [66.25] [67.66] [67.04] [68.94] [68.87] [69.82] [71.23] [71.63] [73.33] [74.7] [71.2] [71.71] [70.43] [71.76] [72.17] [72.14] [70.42] [69.11] [68.45] [68.27] [66.33] [65.22] [62.93000000000001] [62.93000000000001] [64.5] [66.98] [66.34] [66.5] [65.53] [64.09] [65.64] [67.59] [68.2] [69.05] [69.29] [69.72] [69.95] [70.82] [69.76] [71.29] [71.44] [71.95] [71.46] [72.79] [72.76] [73.7] [73.74] [75.21] [76.16] [76.18] [75.8] [76.11] [75.72] [75.07] [76.0] [76.8] [77.37] [77.0] [77.63] [78.0] [77.53] [77.67] [78.16] [78.9] [79.21] [78.25] [79.18] [80.0] [81.5] [80.02] [79.82] [78.69] [78.18] [78.28] [79.58] [80.22] [80.06] [80.86] [81.1] [81.27] [81.28] [80.54999999999998] [81.54] [79.09] [80.38999999999999] [80.49999999999999] [79.39] [80.16] [80.96] [81.71] [81.54] [81.84] [81.19] [81.56999999999998] [81.56] [81.45] [81.88] [81.43] [81.0] [80.82] [78.15] [75.73] [75.93] [74.28] [75.84] [75.26] [76.98] [77.47] [77.44] [78.49] [77.41] [78.58] [77.62] [78.59] [76.78] 
 ---------