Company Name: American Airlines Group 
Ticker Symbol: AAL 
sentiment1: Why the 737 That Crashed Is Boeing’s Best-Selling Plane Ever 
 Workhorse Jet Symbolizes  A Broad Shift in Air Travel 
 published on 2019-02-15 
---sentiment2: Want Faster Airline Customer Service? Try Tweeting 
 published on: 2019-04-29 
---sentiment3: With 737 Max, Boeing Wants to Win Back Trust. Many Are Skeptical. 
 Boeing Struggles to Recoup an Asset: Trust 
 published on 2019-04-23 
---sentiment4: Data and Voice Recorders Are Recovered in Ethiopian Airlines Crash 
 American Airlines Executives 'Confident' 737 MAX Will Be Ungrounded by Aug. 19 
 published on 2019-04-12 
---sentiment5: American Airlines Executives 'Confident' 737 MAX Will Be Ungrounded by Aug. 19 
 Impasse Has Cost Airlines Over $100 Million 
 published on 2019-01-23 
---
Current Value: 33.7 
Prediction: Decrease 
Perecent_correct: 0.6877470355731226 
Predicted Values: 
 [46.59881496][45.65053184][45.11591591][44.54958983][44.628788][45.30981937][45.4641861][45.45967131][45.97355194][45.92944767][46.7191993][47.062727][47.74089107][47.96704829][47.72072464][47.22445913][47.1494634][47.44444856][47.28013884][47.21840016][47.35063381][47.71446149][48.16090786][48.41618549][48.54860475][48.60307099][49.27941541][49.92239401][50.63283723][51.16743322][51.56365142][52.08362141][51.7902289][51.04418629][49.3999858][49.01088088][49.14998885][50.06335618][50.73002318][51.30554023][52.11858143][52.52994303][52.0567062][51.72824229][52.40379865][52.38606484][51.8077267][51.84307928][50.84175049][50.65945135][49.59371908][48.47492005][50.43811371][50.55038646][51.20296808][51.44071591][51.71391963][51.92537248][50.95584565][51.01177637][51.00340829][50.89468486][51.40526887][51.08160527][50.49510169][49.76088393][48.85673097][48.46926001][47.71757836][47.8820026][47.81419373][46.65150173][46.2108654][46.48985541][45.94701243][46.83085873][46.73418112][46.85718557][47.87305156][48.3342392][48.89468914][49.25635292][49.08305398][48.88026303][48.45456214][48.53396181][48.08177733][47.89401445][47.75575189][47.7708689][48.56578036][48.19333678][47.91396197][47.10690671][46.96605966][46.87164112][47.19773874][47.33878436][46.86603322][46.34353945][46.496036][46.68112657][46.75176616][46.48127877][45.49487531][44.48476819][45.01034159][44.75804037][44.82537138][44.48190879][44.55522332][43.87132221][43.79144111][44.7985916][44.95448151][43.81539701][43.29269377][42.44106406][41.09025411][40.05063177][40.61964005][41.07490808][41.80011337][43.15171961][44.0911726][46.16682925][46.5900585][47.40490617][48.07550423][48.52783537][48.87936211][48.67488169][48.81855652][49.78755525][50.17985787][51.26416624][51.17352323][51.44882267][51.44080178][51.56951745][52.05124725][51.58175059][52.11292362][52.23957077][52.14811487][52.74230183][52.76167289][52.23313896][52.13065425][51.75195263][52.00997778][52.96696697][55.88790128][56.29091999][55.80074896][55.73332619][57.22188075][58.19911065][58.12028476][56.3676496][57.10979627][57.89953241][58.34495054][58.05851919][57.39754129][56.34954293][57.25330145][57.75021748][58.48425804][58.03827878][58.47262481][59.02620045][59.63503994][60.33431568][60.9359945][61.11833727][61.11694958][60.80990733][60.31092776][60.71586854][60.18137712][57.97624101][57.93493821][57.08374774][57.05265076][57.11635467][59.29441931][60.39270829][62.03995794][62.37501426][62.51300843][60.65251201][59.44929492][59.03769512][58.31074884][56.25615646][55.29564411][56.73725505][56.69662177][56.32175124][54.4779223][55.54966762][55.99164933][55.3451384][55.69515354][56.25533575][56.58772233][57.76233387][57.93521604][58.90727281][58.35072642][58.10262673][57.39531845][56.27630002][55.91847141][56.10014493][56.41195028][56.41910185][55.97246938][55.76265674][54.95977574][55.06660688][55.88585998][56.61709875][57.4921207][60.44541445][61.00947761][61.7672535][62.35432489][62.00033806][60.99799243][60.12566449][58.47560313][59.38558296][60.51055883][60.34910269][58.22027503][57.51092489][55.93012615][55.77569143][56.0784621][56.24091712][55.80065893][55.55679567][55.21673405][55.73898234][55.88275991][55.83604313][56.81956062][58.17887723][58.63751926][58.60787072][59.75682789][59.48594241][58.74602116][57.43898828][56.25997589][56.73721732][56.90462124][55.57884806][54.85670502][56.21110014][56.80492681][57.05273382][56.5878721][56.66089357][56.43680918][56.63637036][56.40285088][56.47594414][53.8914223][51.21166467][50.97399896][50.8137067][50.41588103][50.52762755][50.50683821][51.83358609][51.83695257][51.60497923][51.25508656][50.4422826][49.19145184][48.50823411][49.09814841][49.16198605][49.00631944][48.97113962][48.53395829][48.33118542][48.55305081][49.6549912][51.25585324][51.23363654][50.86232154][50.99403277][50.45115819][49.0943165][48.77167635][48.65681359][47.92437309][48.20780429][48.94929892][48.53100325][48.49274041][49.54067404][50.63902306][50.48060491][50.06632094][50.1457571][49.93154239][49.67305551][49.34705573][49.72889742][51.25522017][50.23906896][48.72432074][49.35572656][49.4793962][49.07706851][48.89819271][49.66971912][50.80359771][51.22933346][51.16164509][50.36892684][50.27484154][50.86159981][50.77728399][51.11030751][51.02069993][51.76203767][52.11888096][51.88090434][51.00277751][49.36159514][46.64954698][47.49125698][47.56514004][47.86453301][47.7115106][47.78179927][47.86110254][49.44078773][49.9168438][49.23532706][49.62905831][49.8253078][49.86976534][50.17511402][50.59815251][50.85939451][51.11077037][51.9862888][51.76945741][51.77100844][50.62114978][49.74671908][49.30325262][49.20047066][48.29886953][47.96682954][47.87604231][47.6647393][47.42431646][48.37497598][48.09881543][47.71159736][48.25482091][50.07463595][51.58135599][51.51367829][52.16584217][52.38338077][51.98412473][52.30396188][52.81508402][52.6589768][53.51344928][53.97473122][53.9567444][54.29775425][53.96300772][53.71923197][54.06241444][54.27699987][54.60604742][53.98646474][53.58433609][53.49303467][52.96768403][52.75602277][52.69454661][52.2863806][51.88685226][50.9270155][51.12631743][50.43084329][50.60077005][50.70083882][50.65372533][49.69654535][49.77611635][50.11625235][50.02255017][50.91164504][52.20697483][51.93641337][52.60027383][53.72757437][53.00555496][52.41204052][52.18345947][51.18410454][50.58013345][50.72268277][51.3966862][51.41388644][50.02511634][50.36881984][51.06051554][51.33062941][51.86330732][51.7518472][51.59939642][51.51421206][50.74510424][49.59700789][49.49099635][49.42883455][49.41744537][49.33825568][49.38832364][50.17193418][50.02475533][49.00662176][47.87578851][48.03472568][47.80079299][48.17838266][48.81266255][48.27834516][48.0022662][48.76256232][47.83191623][47.26062096][48.06089421][47.03614499][46.3525216][46.83640349][46.48389227][44.96950266][44.99216111][46.00845502][45.67085818][46.41669607][47.23609373][48.00222074][48.1376617][48.25770736][49.11519519][49.06837731][48.99771448][49.58215094][49.72019197][49.46756874][50.10769534][49.98155528][50.2103427][50.30753281][50.21913167][49.57634131][49.7610678][50.2723166][50.56870839][50.78606857][50.57955709][50.47765515][50.52784469][51.27894882][51.65801945][50.83856867][50.78007941][49.82569385][49.50876015][49.63488154][50.08121749][49.7847669][48.49880313][48.38402904][47.80287891][47.685637][47.40048286][47.35676048][47.69388188][47.80276663][48.33421689][49.48477638][49.60284797][49.54121138][49.75519298][49.82585646][49.06535309][46.9041872][46.66336318][46.11161952][45.85016063][45.64762184][44.54069161][44.0283743][43.88914891][43.17533062][42.56613238][42.34451206][42.61427833][42.91999081][42.85221242][41.90675184][41.09924546][41.57521082][42.14735761][42.26491581][41.80717867][41.83633566][41.52235793][41.60023581][41.9361866][41.50204117][41.24060516][41.39920729][41.55176522][41.33442232][40.92049441][40.72374178][41.70972914][42.12720143][42.45565565][42.51147695][42.0302548][40.961283][40.40356707][39.37610884][39.15581121][39.70170741][39.95163761][39.82527357][40.06027085][37.91057452][36.50718877][36.74215263][37.60366704][38.12527571][38.89703979][38.91815961][38.13397693][38.94120581][39.78019779][40.57653064][43.36547648][44.07379778][44.78999931][44.87251176][45.14858728][44.99304644][45.24076127][44.33217043][45.43352657][45.19234759][45.36569454][45.41291844][45.30710378][45.17729575][44.70532092][43.94442842][42.94925218][42.95241598][43.52454988][43.69494364][44.23820279][43.715728][43.94162237][44.10033157][44.70194797][45.38610452][45.62734865][45.55829103][45.52150458][45.26899755][45.43340468][45.59174177][45.61826155][45.54495452][45.23964427][45.57502716][45.69181539][45.46570983][45.39214222][45.72993792][47.31158122][47.80276207][47.62360885][46.77489694][46.73399316][45.79151422][45.42754615][45.06337294][44.79900657][44.66703194][44.0974628][44.5138631][44.59661354][44.34560549][44.76800165][45.2656035][45.05124188][45.49469498][46.17878676][47.02745092][46.73561782][46.85748125][46.92811101][47.31816155][48.01987726][46.7586898][47.28798649][47.97282528][47.66427082][47.99037845][48.82422423][49.27405814][48.58832555][48.73941451][48.48960497][48.01050106][48.41929657][48.6952304][49.05951296][48.89491387][48.46041962][48.37814509][48.32810538][49.59060651][50.01382254][50.29194422][51.020529][50.88862344][51.49649151][52.97051548][52.63738212][53.27251745][54.10393738][54.21834116][54.15044306][54.06875703][54.43275849][54.43425721][54.60885181][54.26224946][54.14444488][54.14761267][54.04812458][54.17441419][55.65766182][55.96847967][57.23023545][56.21467257][55.68043703][55.7506765][56.29023118][55.98560723][55.91544164][56.5465011][56.98416062][56.62607204][56.16808467][56.1356072][55.96237647][55.32236368][54.94644782][54.69693934][54.65115753][54.23285318][54.06836195][54.55268226][55.59794258][56.72550476][56.1208959][55.67172579][55.03161231][55.25895954][55.30460118][55.51318728][55.28701492][55.12845498][55.60725384][56.69615782][56.46688297][53.38142121][52.63000981][52.60631562][52.11872077][52.3892226][53.1641161][53.56050706][53.12930077][53.82998063][54.35950523][54.94027828][54.75284474][55.36047929][55.04934441][54.67360176][54.7469304][54.28600363][54.37937005][54.01006189][54.09232722][54.25064896][55.01782456][54.17136472][54.40578073][53.95682199][52.98526923][52.95281946][52.30067149][51.87535966][51.55485709][50.13123816][49.95743755][50.51014199][50.29687227][50.40279204][49.81096551][48.75402224][49.71976029][50.16500714][49.93435615][50.71518942][50.73023064][50.61851499][50.7887589][50.71273407][50.08701544][49.90178026][50.0460304][50.15171299][50.55087419][51.68418651][52.69411879][51.8783148][52.06314298][52.18638943][52.44330835][53.04971021][53.29661807][53.95103318][54.66152523][54.37102455][52.10735626][51.69605636][50.84465445][51.44308341][52.00742303][52.21890007][52.38037952][52.83696317][54.36156558][55.04617629][54.71760874][53.99526309][54.24145197][54.6802893][53.759998][52.79686228][53.07617956][53.77779649][54.315363][54.70261894][55.34559516][55.99748111][55.85308936][55.9215081][56.45553871][57.23047402][57.13403945][57.16031814][57.71787607][58.5841555][58.48721693][57.30432525][57.04591347][57.01376781][56.64968687][56.52311693][56.92553302][56.36749871][56.01247319][57.37163257][56.40300919][56.59034326][56.38039744][56.73599323][56.9476428][57.5831979][58.08218268][58.31549539][59.00664645][59.92010903][59.94692735][59.37425708][60.51790051][60.79499427][60.97457501][60.99228683][60.54006105][59.72926172][59.66513059][59.29787367][58.86043789][58.54015546][58.18661953][57.56288668][57.41532346][58.10282414][58.59288272][58.10288581][58.03961567][58.06491718][58.10586604][57.79172845][57.08708468][56.45859887][56.0814183][56.43523791][56.27081017][56.12412202][55.19569551][53.88373403][53.70162656][53.60189083][52.7775136][51.84293769][52.59672106][53.12088555][52.64758524][52.55509553][52.72978619][53.14369219][52.66186383][52.10081494][52.27008267][51.93697433][53.23985535][54.03630058][54.69944414][54.40336449][53.64575602][53.73084499][53.05245279][53.22296523][53.93619086][54.74664204][55.2017476][55.50725681][55.16937753][55.26861738][55.25780651][55.3605962][56.99779388][58.21397][58.06781423][58.41689654][58.33478917][59.79380959][60.20202866][59.77088634][59.77998407][59.55645238][59.59748646][59.2942593][58.80476926][59.0453346][58.78704055][58.85140024][58.70787036][58.47712883][55.85350239][55.18161326][54.90826621][55.61316174][55.33099161][55.13753646][55.32806993][54.87017644][54.35916433][53.83069055][53.716273][53.61368211][53.56941359][54.48799692][55.30750164][55.231483][55.27831816][56.0297223][56.25023479][56.18287655][56.14857555][56.50542824][57.30023253][57.76227532][57.08363393][57.80262871][57.16343688][57.01365916][57.75329849][58.54904155][58.44042485][58.32301511][57.77998556][57.99682461][58.31117851][58.6549961][58.78716156][59.00433988][59.83474949][59.76789299][59.83359184][59.73557717][59.57706759][59.49749863][59.83518229][59.72973176][60.1659273][59.7911095][59.52711907][59.83500966][60.60147601][62.62062824][64.33855286][64.95287694][64.71819562][64.71799665][64.77408139][64.53616751][64.55362561][61.64940728][60.76857838][60.48117901][59.89692594][59.73826653][60.91812998][61.03888401][60.17537837][58.57792546][57.94940825][58.62225481][57.80289068][56.71400916][57.18325973][57.80021057][58.20522298][58.83114507][59.00279962][58.88362953][59.88719435][60.19065584][60.34930612][61.5086175][61.69344425][61.25650238][61.15868997][60.15090798][60.23551822][60.57210498][60.71004194][61.71087676][62.41304944][63.15592045][63.39065677][62.95879444][62.08448271][62.38922725][61.95501484][62.04604314][61.1535833][60.31920841][59.34145885][59.07795335][58.99244912][58.24725932][59.03335261][58.39025449][58.3169202][58.75432909][59.6294943][58.52543398][57.70931142][56.93662911][54.42932096][54.2505372][54.32975868][54.27097839][54.28863205][55.20120251][55.06685499][54.69991753][54.63823801][54.30317054][53.50192549][51.39056565][51.32313545][51.56102824][51.39669434][51.16168469][50.56584753][50.92035247][51.07658587][51.29606742][50.78274713][50.31885152][50.70965052][50.99146994][51.08211131][52.10645154][59.06386676][51.69629524][52.31651864][52.20062069][50.99462689][51.60492407][52.8256901][52.47092339][51.72710852][51.97445645][52.11926919][52.63850253][52.65958521][52.03964759][52.25409126][51.79578141][52.17699231][52.06029207][51.49059771][51.38200349][51.17961291][50.83023768][50.2428016][50.32194696][50.32184479][50.08670232][49.15321394][48.23738547][47.53562415][47.10412887][47.07448383][46.93810178][46.71036821][46.79874505][46.98962692][47.65277658][47.93810567][46.38423566][45.47149878][45.82071153][46.24084336][46.36080982][47.25323839][47.03668875][46.85800575][46.76633341][46.80152038][46.74850654][48.06012603][48.69463831][48.30169137][48.16388955][47.67056583][46.76648113][47.1157374][47.13355074][47.277372][47.27719698][47.14803001][46.44057083][46.0324392][46.05415478][46.17914053][46.89982949][46.78992129][48.00469678][48.85381795][48.39589048][47.79406183][47.63555265][48.07278465][48.86552734][49.20040922][49.02421984][48.93046021][49.2676212][49.09720898][47.86433104][47.38254388][47.84381993][48.49996565][48.53119106][48.2695367][48.33430522][48.72021228][49.14470392][49.77478175][50.28101473][51.35198723][70.73450973][50.0223803][49.54090927][50.001651][49.9211157][49.3673128][47.87914688][47.60306516][47.30062085][46.35132911][45.38030548][44.51372413][42.19446745][41.60126751][41.21684694][41.21948511][42.32350934][43.68560576][42.50538282][41.73653809][41.78667849][41.61027662][41.38086389][41.76796336][41.76247115][42.60380056][43.23326955][44.48464981][45.07189131][45.72943318][45.20429633][44.65807797][45.59705546][45.81808614][45.67088722][45.75720718][46.60142976][46.99819207][46.74880467][46.11160054][45.51825696][44.74568387][45.59114455][46.46335973][47.09226906][47.1641046][47.52694051][47.54421392][48.19570534][48.78940777][47.00208807][45.62978111][44.66344644][43.17537778][43.64214076][43.76458876][43.10733158][42.08098286][41.86026333][42.58054094][42.64061634][41.77476157][41.32502879][40.08336693][41.13692605][41.44907891][41.6837023][41.74832726][41.68057589][40.80370057][41.08728029][42.21776008][42.51457112][42.50274665][41.17535893][41.3871455][41.22577433][41.75390616][42.4850566][42.74639073][43.22551632][42.79373463][42.00073271][43.34870402][43.97931829][44.94813954][45.6563977][45.4569061][45.21601298][45.1688418][45.54488957][45.90313436][45.80923092][45.42162008][45.03991428][45.43837153][45.52403776][45.17874847][45.19098221][44.92231096][44.56104372][44.23844518][44.28811465][44.45560744][45.03971308][45.28775604][45.06925566][44.78160436][44.49642016][43.67152069][43.16346103][42.50451246][41.98348806][41.48578364][41.49585403][41.30205893][41.20958061][41.67204715][41.52527893][41.05570079][41.27555298][40.92347089][40.95250981][40.72369315][40.17326663][40.13953615][40.45335329][40.70901508][41.15082566][41.81764391][42.53528035][42.95211198][161.07715888][43.39562213][43.11473732][42.74102954][43.24303878][43.78885627][44.12529088][43.75047825][43.29308541][43.72455177][43.68641796][43.20481751][43.14593032][43.38669773][46.10010553][42.42587683][45.97096283][48.0725441][47.5792654][49.89112172][43.8271825][100.8471281][43.41338544]
 Actual Values: 
 [37.0] [36.41] [35.2] [35.67999999999999] [35.86] [36.27] [36.08] [37.14] [36.53] [37.25] [37.96] [38.35] [38.95] [39.08] [38.55] [38.01] [38.49] [38.54] [38.28] [38.3] [38.53] [39.38] [39.4] [39.89] [39.82999999999999] [40.00000000000001] [41.13] [41.36] [43.0] [42.45] [44.0] [43.5] [42.9] [41.27] [40.25] [39.68] [41.08] [41.93] [42.82] [43.04] [44.29999999999999] [44.14] [42.9] [43.96] [44.29999999999999] [44.04] [43.44] [42.89] [42.61000000000001] [41.72] [39.14] [42.08] [41.0] [42.91] [43.26] [43.33] [44.0] [43.04] [42.23] [42.91] [42.7] [42.72] [42.5] [42.25] [41.870000000000005] [40.65] [39.9] [38.9] [38.75] [39.49] [37.89] [36.56] [37.7] [36.56] [37.79] [38.14] [37.64] [38.5] [39.98] [39.6] [40.96] [40.4] [40.75000000000001] [39.6] [40.23] [39.55] [39.36] [38.71] [39.1] [39.0] [39.73] [39.37] [38.51] [37.96] [37.63] [37.93] [38.73] [38.09] [37.6] [37.0] [37.92] [37.7] [38.06] [37.0] [35.04] [35.47] [35.88] [35.25] [35.35] [35.05] [34.72] [34.47] [34.66] [36.31] [34.74999999999999] [34.53] [33.5] [31.550000000000004] [31.07] [29.29] [30.22] [30.630000000000003] [33.88] [34.19] [36.14] [38.05] [37.43] [38.6] [39.6] [40.11] [40.07] [39.91] [41.1] [41.44] [42.83] [43.32] [42.59] [43.14] [42.5] [44.0] [43.25] [43.540000000000006] [44.0] [43.97] [43.755] [44.83] [43.65] [44.38] [43.72] [43.18] [44.31] [47.0] [49.0] [48.12] [47.74] [49.6] [50.09] [50.43999999999999] [49.1] [49.8] [49.8] [51.675] [50.21] [51.01] [48.26] [48.56000000000001] [49.67] [51.1] [50.95] [50.66] [51.46] [51.65] [53.0] [53.9] [54.28] [54.37] [54.27] [53.38] [53.48] [53.67] [51.06] [50.12] [49.41] [49.13499999999999] [49.38] [51.0] [52.65] [54.519999999999996] [55.4] [55.89] [53.99] [52.79] [51.045] [52.02] [48.58] [47.3] [48.62] [49.46] [48.84] [46.41] [47.4] [48.79] [46.75] [47.53] [48.77] [48.6] [50.78] [49.81] [51.75] [50.29] [51.3] [50.38] [49.0] [48.2] [47.9] [48.85] [49.19] [48.33] [48.05] [47.5] [46.89999999999999] [47.57] [48.75000000000001] [49.77] [52.63] [53.69] [54.57] [55.19] [55.47] [54.04] [53.62] [50.84] [51.38] [53.24] [53.66] [51.1] [50.48] [48.35] [48.3] [47.8] [48.86] [48.16] [47.47] [47.49] [48.00000000000001] [47.81000000000001] [47.96] [48.61] [50.0] [51.4] [51.07] [51.98] [52.68] [51.7] [50.58] [48.5] [48.65] [49.41] [48.21] [46.78] [47.4] [49.23] [49.0] [49.11] [49.27] [48.940000000000005] [49.41] [48.56000000000001] [49.45] [47.56] [43.19] [42.7] [43.05] [41.65] [42.25] [41.68000000000001] [42.61000000000001] [43.3] [43.35000000000001] [43.05] [42.13] [41.07] [38.8] [40.21] [40.79] [39.84] [40.35] [40.13] [39.27] [39.8] [40.3] [42.92] [42.98] [42.7] [42.65] [42.44] [40.77] [40.2] [40.65] [39.02] [39.09] [39.93] [40.3] [39.84] [40.51] [41.96] [42.04] [41.39] [41.81] [41.45] [41.55] [40.5] [40.96] [42.78] [43.0] [39.629999999999995] [40.18] [41.09] [40.58] [40.53] [40.24] [42.15] [42.85] [43.25] [42.21] [41.75] [41.74] [42.37] [42.76] [42.35] [42.96] [44.06] [43.53] [42.84] [41.4] [36.0] [39.39] [38.77] [39.17] [38.93] [38.63] [38.63] [40.00000000000001] [41.84] [40.4] [41.28] [41.15] [41.39] [41.22] [42.17] [42.36] [42.4] [43.11] [43.43] [43.72] [42.77] [41.32] [41.15] [40.93000000000001] [39.87] [39.05] [39.18] [38.5] [38.75] [38.9] [39.95] [38.41] [39.21] [40.27] [42.59] [42.7] [44.0] [44.099999999999994] [43.95] [43.83] [44.54] [44.49] [44.89] [46.37] [45.36] [46.41] [46.2] [45.63] [45.769999999999996] [46.2] [47.02] [46.42] [45.7] [45.51] [45.17] [44.660000000000004] [44.76] [44.28999999999999] [43.67] [42.41] [43.0] [42.32] [41.94] [42.4] [42.11] [41.02] [41.35] [41.38] [41.75] [41.47] [44.09000000000001] [43.65] [43.82] [45.35] [45.1] [44.29999999999999] [43.79] [43.28] [42.26] [41.97] [42.99] [43.33] [41.61] [41.35] [42.56] [42.78] [43.27] [43.62] [43.25] [43.64] [42.54] [41.29] [41.18] [40.05] [40.97] [40.940000000000005] [40.559999999999995] [41.15] [42.17] [40.21] [39.04] [39.59] [38.53] [38.93] [40.00000000000001] [40.02] [38.73] [40.15] [39.61] [37.52] [39.0] [38.83] [37.38] [37.34] [37.71] [36.08] [34.93] [36.57] [36.47] [36.92] [38.13] [38.95] [39.36] [39.16] [40.14] [40.559999999999995] [40.02] [40.75999999999999] [41.49999999999999] [40.77] [41.44] [41.47] [41.52] [42.17] [41.309999999999995] [41.3] [40.74000000000001] [42.11] [41.89] [42.31] [42.3] [41.81] [42.31] [42.31] [43.32] [42.0] [42.800000000000004] [41.88] [41.0] [40.9] [41.75] [41.49999999999999] [40.13] [39.81000000000001] [39.13] [39.07] [38.66] [38.7] [38.79] [38.82] [39.3] [40.34] [41.3] [41.18] [40.99] [41.36] [40.8] [37.68] [38.16] [37.27] [36.79] [37.04] [35.81] [34.99] [34.76] [34.17] [33.28] [32.67] [33.03] [33.24] [33.68] [33.01] [31.090000000000003] [31.810000000000002] [32.25] [32.60999999999999] [32.28] [32.3] [32.03] [31.89] [32.39] [32.13] [31.6] [31.75] [31.940000000000005] [31.67] [31.590000000000003] [30.770000000000003] [31.46] [32.63] [32.25] [32.8] [32.99] [31.810000000000002] [30.65] [29.800000000000004] [29.1] [29.75] [30.29] [30.050000000000004] [30.25] [28.200000000000003] [26.85] [26.120000000000005] [26.940000000000005] [27.86] [28.260000000000005] [29.090000000000003] [27.759999999999998] [28.39] [29.800000000000004] [30.230000000000004] [32.78] [35.0] [35.11] [35.51] [36.03] [35.78] [36.07] [35.1] [36.45] [36.35] [35.91] [36.5] [36.07] [36.26] [35.54] [35.39] [33.47] [33.57] [33.71] [34.22] [35.21] [34.59] [34.25] [34.74] [34.96] [35.67] [36.68] [36.43] [36.44] [36.33] [36.32] [36.27] [36.34] [36.68] [36.13] [35.45] [36.97] [36.53] [36.0] [36.45] [37.5] [38.68] [39.0] [37.22] [38.12] [37.0] [36.31] [36.26] [35.66] [35.75] [35.0] [34.96] [35.3] [35.19] [34.98] [36.1] [35.65] [35.98] [36.46] [38.39] [37.82] [37.83] [38.25] [37.95] [39.99] [38.12] [36.95] [39.45] [38.66] [38.84] [39.48] [40.93000000000001] [39.97] [40.25] [39.66] [38.57] [39.45] [39.85] [40.31] [40.51] [39.72] [39.78] [39.27] [40.39] [41.42] [40.75999999999999] [42.71] [42.07] [43.01] [45.0] [44.660000000000004] [44.39] [46.150000000000006] [46.46] [46.03] [46.05] [46.34] [46.64] [46.59] [46.14000000000001] [46.2] [46.09] [46.45] [46.15999999999999] [46.61] [48.6] [49.27] [49.16] [47.94] [47.84] [48.1] [48.61] [47.89] [48.5] [49.34] [49.35] [48.61] [48.29] [48.73] [47.8] [47.42] [47.28] [46.63] [46.519999999999996] [45.85] [46.01] [47.0] [49.29] [48.67] [48.16] [47.56] [47.39379999999999] [47.63999999999999] [47.54] [47.9] [47.05] [47.9] [48.43] [50.0] [45.62] [44.79] [44.75] [43.61] [44.31] [44.8] [45.75] [45.26] [45.07] [46.62] [46.56] [47.26] [47.59] [47.5] [46.83] [47.01] [46.5] [46.42] [46.0] [46.18] [46.32] [46.79] [46.67] [45.85] [46.41] [45.02000000000001] [44.79] [44.5] [43.46] [43.730000000000004] [42.06] [40.5] [42.18] [42.0] [42.18] [41.88] [39.78] [40.7] [41.68999999999999] [41.07] [41.83] [42.69] [41.85] [42.37] [42.33] [42.09] [41.15] [41.4] [41.53] [41.81] [42.78] [44.79] [43.95] [43.47] [44.03] [44.07] [44.71] [45.5] [45.5] [46.8] [46.51] [43.91] [44.02] [42.76] [42.06] [43.67] [44.18] [44.0] [44.6] [45.400000000000006] [47.03] [47.21] [46.26] [45.7] [46.79] [46.25] [44.4] [44.8] [45.33] [46.27] [46.74] [46.99] [47.79] [48.32] [48.2] [48.5] [49.56] [49.53] [49.47] [49.44] [50.86] [51.61] [50.1] [49.56] [49.64] [49.14] [48.9] [49.13] [49.22] [48.33] [50.5] [49.0] [48.81] [48.6] [48.82] [49.28] [49.92] [50.78] [50.43999999999999] [50.97] [52.29999999999999] [52.98] [52.58] [53.12] [53.4] [53.8] [54.21] [53.83] [52.26] [52.72] [52.13] [51.79] [51.5] [50.63] [50.34] [49.02] [50.85] [51.13] [50.89] [50.56] [50.67] [50.82] [50.68] [49.74] [49.03] [48.5] [48.86] [48.75999999999999] [48.64] [48.25] [46.3] [45.73] [45.85] [45.17] [44.13] [43.09] [45.22999999999999] [44.53] [44.54] [44.54] [44.849999999999994] [44.79] [43.09] [44.19] [43.81] [44.01] [45.9] [46.35] [46.79] [45.3] [46.02] [45.28] [44.92] [45.47] [46.57] [46.98] [47.84] [47.58] [46.78] [47.49] [47.52] [47.66] [50.5] [50.85] [50.7] [51.23] [52.0] [53.1] [52.72] [52.67] [52.52] [52.72] [52.10999999999999] [51.57] [51.56] [51.919999999999995] [51.02] [51.78] [52.0] [48.41] [47.65] [47.22] [48.00000000000001] [47.79] [47.36] [47.46] [47.51] [46.42] [45.85] [45.64] [45.63] [45.3] [45.71] [47.26] [47.6] [47.33] [47.89] [48.58] [48.66] [48.61] [48.44] [49.38] [49.76] [49.67] [50.1] [49.85] [49.39] [49.53] [51.23] [50.78] [51.27] [50.58] [50.59] [50.67] [51.25] [51.6] [51.57] [52.16] [52.72] [52.35] [52.8] [52.45] [52.42] [52.33] [52.86] [52.480000000000004] [52.78] [52.6] [52.97] [53.22999999999999] [54.49] [56.56000000000001] [58.79] [58.31] [58.0] [58.59] [57.99] [57.74] [54.35] [54.0] [53.65] [52.79] [52.45] [53.08] [54.0] [53.49] [51.99] [49.32] [50.91] [51.44] [49.7] [48.79] [49.7] [50.239999999999995] [51.45] [51.8] [51.23] [51.96] [53.24] [53.3] [53.99] [54.89000000000001] [54.41] [54.14000000000001] [52.9] [52.9] [53.34] [53.12] [54.33] [55.05] [56.26] [56.86] [56.56999999999999] [55.35] [55.31] [55.33] [54.93] [54.21] [53.58] [52.63] [51.94] [52.29999999999999] [50.9] [51.3] [51.77] [50.23] [50.6] [52.5] [51.71] [50.5] [50.52] [47.15] [46.03] [46.75] [46.13] [46.75] [46.5] [47.53] [46.91] [46.85] [46.72] [45.67] [43.49] [42.55] [43.5] [42.86] [43.23] [42.25] [41.75] [42.92] [42.33] [42.93] [41.51] [42.08] [42.75] [42.02] [43.13] [43.9] [43.56] [43.74] [44.5] [42.64] [42.94] [43.82] [44.6] [43.68] [43.4] [44.05] [44.04] [44.78] [43.45] [44.28000000000001] [43.96] [43.25] [44.23] [43.39] [43.06] [43.06] [42.63] [42.03] [41.65] [42.03] [41.46] [41.09] [39.87] [39.09] [38.33] [38.25] [37.74] [37.64] [37.85] [38.19] [38.21] [39.38] [38.31] [36.4] [36.31] [37.26] [37.1] [38.0] [38.32] [37.96] [37.65] [38.19] [37.32] [37.85] [39.93] [39.88] [39.26] [39.38] [37.86] [38.06] [38.26] [38.65] [38.41] [38.55] [37.75] [37.29] [36.84] [36.96] [37.75] [37.99] [38.04] [39.98] [40.08] [39.19] [38.9] [39.02] [39.67] [40.66] [40.36] [40.25] [40.32] [40.81] [39.48] [38.31] [38.66] [39.33] [40.26] [39.49] [39.54] [39.7] [40.36] [40.79] [41.82] [42.04] [43.27] [42.0] [40.84] [41.23] [41.37] [41.41] [39.6] [38.7] [38.8] [37.93] [36.44] [36.3] [33.33] [32.3] [31.97] [31.0] [32.06] [34.45] [33.58] [32.09] [32.27] [31.53] [32.48] [31.190000000000005] [31.4] [33.14] [32.44] [35.16] [35.3] [36.59] [36.35] [35.6] [35.57] [36.77] [36.7] [36.31] [37.15] [38.0] [37.87] [37.4] [36.76] [35.05] [36.09] [36.66] [38.3] [38.21] [38.59] [38.8] [38.42] [40.56999999999999] [38.82] [36.0] [36.58] [33.67] [34.36] [34.55] [34.3] [32.27] [32.3] [32.47] [33.46] [32.34] [31.950000000000003] [30.510000000000005] [30.120000000000005] [31.71] [32.17] [32.09] [31.46] [31.690000000000005] [30.440000000000005] [31.990000000000002] [33.36] [32.419999999999995] [30.620000000000005] [31.800000000000004] [31.4] [31.880000000000003] [32.82] [32.75] [33.84] [33.76] [32.93] [34.26] [33.94] [34.53] [36.76] [36.43] [36.31] [35.77] [36.16] [36.81] [36.8] [36.46] [35.8] [36.08] [36.76] [35.83] [35.91] [36.24] [35.03] [35.0] [34.98] [35.0] [35.75] [35.9] [36.11] [35.63] [35.58] [34.76] [34.03] [33.22] [32.7] [31.9] [31.64] [32.19] [31.22] [31.96] [32.28] [31.5] [31.5] [31.5] [30.89] [31.32] [30.53] [30.510000000000005] [30.270000000000003] [31.010000000000005] [31.14] [31.980000000000004] [33.04] [33.22] [33.96] [33.97] [33.64] [33.37] [33.76] [33.99] [34.99] [34.65] [33.96] [34.45] [34.43] [34.1] [33.43] [33.92] [34.05] [32.14999999999999] [33.51] [33.78] [34.3] [33.96] [34.21] [34.25] [34.25] [33.7] 
 ---------