Company Name: Advance Auto Parts 
Ticker Symbol: AAP 
sentiment1: 4 Tips for Protecting Your Trip During Hurricane Season 
 Prepare Your Trip for Any Stormy Situation 
 published on 2019-05-06 
---sentiment2: How Amazon Rattles Other Companies 
 Carmakers Face Crisis After Leader Goes to Jail 
 published on 2019-04-02 
---sentiment3: Nissan and Renault Face Leadership Crisis After C.E.O. Is Jailed 
 Short Sellers and Sleuths Aim to Solve the Mystery Of the Tesla-Filled Lots 
 published on 2018-07-03 
---sentiment4: Unraveling a Tesla Mystery: Lots (and Lots) of Parked Cars 
 Caught on Tape 
 published on 2019-02-02 
---sentiment5: Brainpower Meets Horsepower 
 Apps Can Get You There 
 published on 2019-02-15 
---
Current Value: 160.12 
Prediction: Increase 
Perecent_correct: 0.6284584980237155 
Predicted Values: 
 [131.445362][130.53017188][131.09346164][129.74048068][129.82287269][132.16619607][130.98796635][130.03059611][129.81878172][129.29080074][130.84297324][133.13883471][134.54190196][134.20696309][132.74993957][136.27799332][132.2804265][131.63580068][131.61307996][131.62099429][131.82886763][132.43245514][132.27278544][130.38490772][131.64243719][132.75133474][133.62083827][134.25882101][135.30663196][136.74649665][137.83590047][137.89690348][136.72396664][135.96156924][134.6478195][134.02656743][134.16186846][135.22189225][138.65164218][139.5304696][139.44434503][140.20455919][142.0526216][140.63083604][140.69749047][142.5088669][145.14684408][145.74157281][144.7809474][145.32312086][144.53777703][143.51491559][143.38906388][143.27518232][143.35944697][144.78902779][144.0447434][143.00679605][140.57246222][140.23018929][139.71617382][136.36920189][133.62677795][135.84337744][135.59734173][134.28529404][133.28265151][133.15302308][132.27583846][130.57091052][132.47358566][133.75194884][132.8555038][132.49241279][133.41524246][135.18077944][134.47176718][133.76447475][140.85220711][142.41473417][142.97247046][144.31313028][145.03780362][145.56985767][145.62960991][146.87593227][146.66746714][147.60772474][148.19913693][147.68654132][148.45890795][149.16059261][149.32837761][148.65959939][148.00795785][146.84421997][146.44822853][145.24852409][144.8351564][144.32421314][145.35561887][145.55870273][144.35661836][143.13812173][140.88075056][140.16973548][140.07706835][139.67187449][139.45926275][139.72646734][140.58407821][140.44557147][142.11016739][144.99030101][146.01885313][144.97728718][146.33621438][145.78442316][143.8039499][142.87017002][143.19962909][143.50548223][142.72996926][145.49502465][148.88099017][152.18005068][151.71670725][152.75995555][152.71830208][154.8099622][156.9550055][157.20223401][157.12726846][158.58147082][159.9551615][159.61300085][161.14597339][154.96414866][155.9615169][155.33666265][156.35518683][157.12726846][157.94468893][157.76031991][157.34196333][157.39014915][156.90972407][156.45751804][157.30511592][157.13002165][157.27583966][157.29813561][158.46457954][158.50480832][159.53268817][162.66650412][165.06709925][166.3682455][166.62302712][168.61880254][170.66589689][171.85491542][173.09423944][174.88800045][172.39962539][171.40304661][173.8947864][173.31735618][172.78667326][174.21288917][174.15677638][173.22893144][173.96105747][173.88268889][173.62365005][173.36558875][170.33891273][169.09118854][171.91795984][175.57101532][173.35368091][172.47560898][170.50716385][163.85500789][162.08387382][161.04635366][163.69703785][165.33185548][168.48881686][169.3129295][170.56279469][171.44434628][172.64028369][173.01051824][172.50112685][170.63478641][169.61073726][169.1972519][172.14498406][174.43682368][174.17592316][175.21208044][176.64960006][166.63203868][162.80267703][162.25877472][164.07010179][165.869431][166.39851745][169.00838488][169.54396294][168.7662054][168.40702034][167.88433015][167.14665208][167.71925403][164.90651672][164.47089533][163.06741986][160.53284461][158.40547192][158.78637841][160.39901242][161.41457814][162.54857038][162.6929312][161.08161487][160.8518536][163.02050671][162.72131392][162.36930431][162.35138365][160.74238292][162.87008392][164.49582143][163.18525812][158.1802797][155.69820372][156.86337908][157.99686749][159.73401359][160.09070799][161.4847689][161.66585063][160.97562013][161.49523961][161.86407239][161.19589337][163.44475036][165.48190683][164.02409701][163.27557768][158.84271892][159.1296459][156.12082994][155.97865074][155.35547713][155.81521747][156.8961275][156.280656][155.57988102][156.13167362][157.03004631][156.92900304][157.69800128][160.19478518][162.09578545][162.81205613][163.89485498][165.51549594][164.12371123][166.30923811][172.36757459][172.26237804][170.58926194][169.61683888][166.89970552][166.26829167][166.83708767][168.67889532][168.80673906][169.57089404][169.89579148][169.87751451][172.47745551][173.37240385][173.82239691][172.34685997][171.59225555][172.22365548][172.92656358][173.43057206][175.51744722][177.27629961][177.10771943][177.14903216][177.94143892][174.52723593][172.82661167][174.89776735][176.32082758][176.03782262][177.59344181][175.02154824][174.87142741][177.4372963][181.33274682][182.3557649][181.74206135][182.93947897][183.13897375][183.04803331][181.80869823][182.00664638][183.09845544][182.55083463][181.82804678][183.68189625][186.31438288][187.00016043][188.26206885][188.69968577][189.3038157][190.22037203][188.791115][187.49113316][188.69941912][186.7034708][185.56451907][199.71076316][203.98098318][201.90944202][201.27967357][202.50905498][201.75948103][195.91503627][189.37609906][190.15204384][187.24309284][189.24694491][190.51433569][190.27152675][186.95274037][189.15065174][189.2826715][186.32771692][189.62542763][190.7344768][189.47498458][188.75584252][189.53740273][190.84691907][192.22947902][193.76227084][190.10118667][189.01859226][188.43403007][189.60071124][189.1867619][191.47477888][189.37116242][185.13888814][203.93464393][207.38546522][206.85926705][208.98320979][207.35496362][207.00704244][205.16618571][204.22377608][206.84761678][206.86906982][205.02705734][205.3862665][207.24510964][207.11082485][209.10906621][210.22401208][208.73606449][209.02103112][209.02895936][209.01194349][210.30956701][213.1359638][214.88631301][216.79121755][216.35074639][215.77123876][217.09059679][216.97507809][213.78953427][210.68874364][211.09490139][185.59674618][176.41846766][176.2390492][178.66370041][177.59852295][176.99288044][176.61012664][176.25211897][175.54829791][178.28790351][178.00803896][177.11768509][176.07291461][173.89401853][169.78228769][167.99879368][166.74317771][163.00646207][165.07365501][165.0501942][161.30018228][160.49149454][168.56329985][173.33606596][171.23623994][163.1776066][162.41494806][161.12718267][160.80403594][160.87345114][161.67140936][164.23678389][164.14068113][163.05694761][163.88589502][164.38488378][160.57862971][159.17877748][159.51743243][158.5229502][159.7146685][157.81830448][153.11144979][153.30696428][156.63997771][154.78637922][155.64480812][156.29951082][156.59924841][161.5663641][164.16251209][163.60697074][163.22156929][166.43083785][165.78781724][162.60203745][159.41869498][157.83933229][153.41105581][153.03485656][151.90232035][150.08368889][151.3618673][156.95462523][157.89308896][154.57819622][155.21033283][158.6299305][160.72487278][161.11257729][162.56893502][162.4447595][161.51864755][164.19446266][164.78430129][165.14816565][165.61707884][163.80859019][162.76892026][164.93623344][167.64134794][170.68512641][171.57792199][171.51834656][171.78552776][170.68157122][170.5641312][170.78479758][171.00317523][173.12466703][174.44396974][174.88736479][175.48618724][177.10792467][174.69001497][173.33210297][174.33932907][172.62374827][173.34591873][170.55423271][169.1602166][168.39143721][168.19687533][172.33163401][173.65041419][174.21666749][174.35475805][174.63569371][172.94203339][170.60738517][170.7479277][170.21714593][170.81719141][171.72391144][169.70005055][168.49577759][168.48749729][168.36041454][167.69936921][163.46860845][162.33595593][163.01637227][164.72245249][162.44547856][161.71076831][159.92446084][158.88955604][157.2920246][155.6012287][151.42717661][156.91912054][157.66325832][159.58111212][164.31685244][168.28469779][169.33566796][168.21490127][165.75001987][164.1526812][163.54821123][162.31373273][163.19739304][165.07096831][168.33217223][166.65841576][165.39802554][164.98587658][165.9801828][165.56820115][166.50007693][168.49849438][167.66450796][166.44691025][166.99723259][165.90454795][166.53532165][168.65388982][172.97121366][174.26119615][176.76210024][175.33370344][174.29739705][174.59895779][177.20456453][178.1009476][177.41095193][176.97914207][177.74513453][178.45662227][177.87593834][176.56059077][177.41131505][177.03572849][178.87486391][179.77394057][180.45041636][179.763687][182.86341452][183.69233922][182.66078259][181.17209221][181.35388768][183.25090604][184.71166358][183.88423078][181.73768886][180.23754549][181.78159154][179.4663419][181.59332486][175.5183746][172.10735088][170.74111114][170.74357118][172.08407416][171.652675][173.86076959][173.0907588][171.62170115][170.07145286][169.97152088][169.75712079][171.42020134][171.57695003][172.60137799][174.30153833][172.91720471][168.11851255][165.34836885][164.6696388][163.4387175][161.80425152][160.0068631][160.0657664][159.58002802][157.49251455][160.42810873][160.99424312][161.36419108][163.63627346][162.28259663][159.72374094][160.14511224][159.77506707][158.75959786][160.22338173][160.41303982][160.67499596][160.56165306][159.21263605][159.38582606][158.65050741][159.06271933][156.72124653][155.13278505][154.13108664][152.97272186][152.49536897][153.49808911][153.84503184][155.17439351][153.36369595][150.7585091][151.18392172][150.95159409][149.93063066][149.98269281][148.91996275][148.14460341][148.58635822][149.15212931][155.53446276][157.08148314][156.28243496][178.23686426][176.3002969][178.78744659][178.30378611][178.90137114][183.23630363][184.66508457][185.3074133][185.91290183][185.69262167][183.58979383][184.18993892][184.57969359][185.0732446][186.28913826][189.54699689][191.22623745][190.56405566][188.33686959][187.31841777][186.86342401][186.55889363][187.02109598][187.65152663][189.56744032][188.65848714][186.01118689][184.97330384][185.57885545][185.59322306][184.16381724][184.52711175][184.63893377][185.66340584][185.76142313][184.71042939][183.58962209][183.8344317][187.99803273][187.84258245][189.14640849][189.05945466][187.72148496][187.56473133][186.06767009][181.25771059][182.93035888][182.61535057][180.95481917][178.81040819][178.27420135][177.35721801][176.12862203][174.67451667][176.11739045][174.50578545][173.5637789][174.37912542][177.15343386][178.20751211][177.19747714][176.89359863][177.22873626][176.19868408][174.15882947][178.22071207][173.54990115][171.46253236][169.7533042][169.44621182][169.35777031][170.4242162][169.79355196][169.29951471][167.43970721][165.74056451][166.99016812][167.4064519][167.29513533][166.11636506][166.32733858][165.3952724][165.33015821][164.65330868][165.21914413][164.11127139][163.50534126][163.32197364][162.25450743][159.9005758][159.66763085][161.01670259][160.80723638][160.21147275][159.17779185][155.55637965][154.82572997][154.74240517][153.69663762][153.83738648][154.34491413][153.49915948][152.8004766][152.04483031][151.77466755][153.92326359][156.93040391][158.16870662][159.26427533][157.92602863][157.67423488][157.02748774][153.6896064][153.23079627][152.80653414][153.9314756][155.29603883][156.21286088][157.75622993][158.06175731][157.40836][157.17254507][156.78240886][157.19369798][157.51651959][155.63525336][158.92678976][162.45034638][161.5608726][152.0658901][143.63235682][143.07139822][144.04668164][144.46509551][144.58281545][146.46068943][148.18139009][146.92231361][143.88941565][142.19793748][138.93815606][137.1858168][139.89845385][141.32352134][141.39501095][141.04526712][140.33563714][140.12296214][136.18579886][131.95312899][130.05365675][129.50297143][131.16664373][131.23295186][127.72410172][125.3464456][125.46052833][126.82500396][116.74732992][111.79039013][109.71878752][108.87799284][108.08560339][108.4759591][109.68212425][110.2957969][109.25843784][108.3582999][108.0560359][109.81899055][112.02358589][111.79425207][112.29371984][114.1467966][117.44511237][118.31023567][120.21859621][121.54679374][122.60257398][121.55971354][119.29353722][118.38955518][117.72853103][117.35953607][115.41646704][114.50923669][116.74270277][96.65240025][96.23878841][99.22353516][99.95825132][101.41051622][102.40081548][101.30591523][100.48016545][102.16317367][102.08159901][101.14034653][103.21626431][104.60170778][105.33208481][104.43928553][103.29499173][101.69654826][100.52536623][100.80708277][102.30764348][105.95191469][106.94149251][106.52089242][106.32954436][104.87437076][101.51210194][100.79876705][101.53014485][104.06131586][104.67799956][105.7647979][106.38572422][106.46196697][106.3855705][106.33198893][102.61826413][101.36549605][101.05508302][99.48791116][97.88998345][97.09047726][94.23141302][91.93090893][91.4269331][93.50336803][93.89738495][92.65474442][92.92483791][92.2079208][90.74887835][88.97686992][90.84903645][89.58072796][87.14963021][87.51501974][87.06005385][86.98831308][86.3428516][86.41386649][85.25095413][84.65215739][85.33640233][86.16622552][87.06221131][104.48431648][99.91921828][97.82589715][96.53175147][96.7502204][96.19907919][95.58307175][95.45115618][95.99738345][97.96430834][104.77946585][107.68380476][107.22870748][110.5830696][112.72557821][106.78784598][104.57579326][106.55468204][107.84426469][110.63269437][110.46807536][109.69970738][108.18365446][109.67244224][108.78021978][106.88082108][106.80277246][107.56417663][108.88267795][108.03991118][106.67816837][107.06130392][112.32357424][114.59276687][117.93842716][120.49996228][119.92937717][119.24901617][118.88024986][120.42065067][123.82040005][124.22994812][123.80490506][124.07183766][125.42835276][126.28048392][127.33348029][129.34777197][130.03783421][132.77989588][132.47214684][130.09357009][127.81947954][126.00903667][124.05827093][120.71165482][119.14884076][120.2443883][119.62665142][117.82686447][117.86195178][116.14300408][115.83293346][117.20924359][116.23638468][114.59016499][125.23736031][121.88464008][123.1524063][124.81170619][120.37952532][121.88253388][125.01630243][124.97436157][124.91250168][126.67180678][126.0632049][125.29512645][126.69777887][127.42011317][128.01597863][127.3723862][126.2316516][125.64682878][125.22585515][124.16840392][123.75361086][121.8061284][120.21318802][122.34366199][124.06339158][125.39352307][126.64979359][125.03724804][120.86457164][121.32807603][124.66436878][122.91624415][120.82192602][120.01433701][119.4449642][119.52278608][117.88485029][114.69406919][116.69360508][116.35654119][114.52058215][112.5287841][112.12615625][114.36979422][115.62324838][121.60737764][123.72222949][124.2636375][123.37080678][124.5960853][124.27647984][124.9275045][125.37597778][126.81899987][126.2439218][127.00006882][129.00274151][130.04232638][129.76980534][129.22805934][128.62317775][127.90551798][127.77529079][130.53632431][129.79224974][134.09983618][134.59239623][133.66745903][136.55064075][138.44220319][138.6170245][140.09399531][139.98113037][140.5698191][140.87567636][141.33616465][142.74890066][144.17034257][143.2891923][143.70290728][146.34385953][148.09068379][148.6785065][150.21686594][150.26120165][152.81203336][148.25008035][148.45399697][146.78167743][145.43193849][146.85289457][145.20155066][146.27524186][146.05753192][147.95414098][150.78144428][152.01523678][150.26797828][150.75298201][150.85946159][150.69224279][150.99875877][151.10159368][153.26756541][154.01159882][155.12412821][154.4747799][150.9270678][153.1447656][152.70397656][151.44207845][152.22784808][151.36040538][153.05925968][156.06985234][156.74963895][156.89932603][157.49623212][159.29438313][158.44897133][157.92828647][168.63748067][170.75110852][172.16594873][172.49870738][173.59556089][173.7953105][174.5118132][175.55217586][177.26964729][176.99604798][175.30962093][176.37374217][175.90928849][176.2687735][181.29275337][182.65465669][181.65476565][181.34449243][181.62156275][180.92650994][181.05222763][180.64653011][180.09695835][180.25804749][178.23040661][182.72797408][183.79768331][183.85073339][181.38902268][181.35205285][182.87348905][183.68477658][183.29923082][183.36687179][183.63527181][181.87818682][180.38587503][179.58271661][181.05025031][183.14653655][180.64104295][176.11814522][178.02642563][180.20477429][183.5513469][177.85009012][174.46616413][177.93014983][178.08443193][176.89294072][176.21127139][175.22677326][176.97400934][180.01564173][178.42799189][177.02912765][175.53037046][178.41340974][178.68734382][181.23985241][183.74066925][185.92640529][186.76059807][183.00896767][199.82861566][198.18608342][193.27782883][193.23611774][194.3782985][188.47668567][188.12002816][190.75600496][193.65016142][193.63211702][194.08829399][191.76308794][192.55778312][193.37859221][194.61516933][190.60821425][187.09084361][180.6384725][180.84582677][181.00088883][180.37932614][179.05005473][174.19488406][173.08019543][170.95609878][166.79266257][164.94154958][162.41377996][165.31754919][166.41999515][168.31937857][169.09657981][170.47676953][174.55447557][175.39948217][175.00498942][174.48854116][177.38642181][177.54450118][176.44975116][171.20837383][173.11610933][174.78801362][178.40749023][181.30490385][179.69325677][178.14199379][174.98827749][167.87079159][165.93082719][167.18404227][171.00049793][171.8333552][173.04833031][173.62175565][175.1662727][172.8135705][175.00790031][175.59837595][177.39483306][180.82332763][181.70476081][181.59475769][183.87534172][185.73499284][179.62688627][177.6849728][174.37412817][174.00323361][176.96430728][174.00786181][173.50131471][174.9057321][173.48601666][171.07481919][170.81205595][168.47450972][164.55748077][166.63994256][167.59225893][167.46211285][166.91554686][166.62830467][172.57732196][176.24949704][177.8900125][180.7408567][180.61812821][180.79568019][181.81706266][181.6469114][181.80678544][184.36489719][187.5128351][187.59282232][187.49713695][187.49504461][190.18975391][191.46507323][191.04608956][192.54386425][194.83606063][195.65265304][195.9758939][196.45562547][193.43541776][190.61497252][187.25915474][188.91879787][186.95348326][184.37235733][183.72892415][182.3782941][181.48132781][178.74340989][174.05737042][178.53890824][172.95144019][174.2559385]
 Actual Values: 
 [121.81000000000002] [121.59999999999998] [121.37] [120.03] [124.07] [121.26] [120.63] [120.69999999999999] [120.64000000000001] [120.01999999999998] [122.43] [124.79] [125.69] [123.64] [127.78000000000002] [123.86000000000001] [121.47999999999999] [122.79] [122.11] [122.11] [122.98000000000002] [124.03] [121.42000000000002] [122.11] [122.32999999999998] [124.22000000000001] [123.88000000000001] [124.82] [126.53] [127.65] [128.2] [127.07000000000001] [126.53] [125.8] [124.64999999999999] [124.36] [125.01000000000002] [126.71000000000001] [130.0] [129.39999999999998] [129.7] [130.67] [130.98] [130.3] [130.5] [133.67] [135.86] [134.27] [135.05] [133.97] [133.99] [132.71] [132.51] [132.96] [133.65] [134.25] [133.52] [130.97] [129.92] [130.31] [128.22] [124.68] [124.9] [126.13] [125.24] [124.52] [123.2] [123.86000000000001] [121.32] [121.72] [123.58] [123.59] [123.97] [122.30000000000001] [125.81000000000002] [125.21] [125.2] [129.0] [132.35] [132.08] [133.41] [133.94] [135.4] [134.63] [136.15] [136.13] [136.47] [137.59] [137.43] [137.14] [138.42] [138.3] [138.01] [137.47] [136.39] [136.07] [135.01] [134.76] [133.71] [133.39] [135.31] [134.43] [133.73] [131.0] [130.7] [129.51] [130.62] [128.68] [128.3] [130.84] [129.89] [130.2] [133.76] [136.34] [134.34] [134.24] [135.72] [133.35] [133.41] [131.35] [131.76] [131.52] [133.84] [135.5] [140.85] [141.71] [141.15] [141.25] [142.16] [145.0] [146.33] [144.71] [147.25] [148.16] [147.09] [149.27] [138.5] [145.88] [142.23] [145.0] [144.71] [146.45] [146.8] [145.21] [145.44] [146.0] [144.21] [146.06] [145.74] [146.0] [145.86] [146.0] [146.41] [146.71] [148.44] [152.42] [154.21] [154.89] [152.01] [158.16] [157.34] [158.92] [161.7] [161.0] [157.28] [161.05] [160.71] [160.22] [160.51] [161.44] [160.28] [160.18] [161.21] [160.64] [160.85] [158.17] [156.56] [157.61] [163.36] [159.95] [160.13] [159.62] [151.9] [151.17] [148.0] [150.04] [152.49] [154.4] [156.99] [155.75] [158.09] [159.49] [159.69] [159.56] [159.0] [157.21] [156.76] [157.74] [160.4] [161.62] [160.82] [163.5] [155.0] [151.02] [149.91] [149.65] [153.18] [152.64] [155.59] [157.35] [156.5] [156.25] [155.74] [154.71] [155.39] [153.97] [151.82] [151.71] [149.0] [146.8] [146.97] [146.88] [149.2] [149.96] [151.02] [149.56] [149.06] [149.4] [151.06] [148.9] [150.87] [147.63] [149.67] [152.29] [151.8] [147.78] [143.95] [143.77] [146.05] [146.96] [148.31] [148.67] [149.97] [148.77] [149.45] [149.13] [149.01] [149.83] [153.28] [152.23] [153.65] [144.82] [148.99] [145.0] [144.5] [144.43] [143.09] [145.25] [145.45] [144.32] [144.39] [145.46] [144.98] [144.74] [147.0] [150.0] [149.57] [150.99] [152.65] [152.76] [144.19] [157.42] [160.07] [158.29] [157.25] [155.31] [154.28] [153.26] [155.72] [155.73] [156.27] [157.25] [156.4] [158.55] [160.31] [160.29] [160.12] [158.41] [159.12] [159.67] [159.64] [161.02] [163.71] [164.0] [163.46] [164.98] [163.08] [160.41] [160.59] [163.58] [161.37] [164.74] [162.63] [161.29] [163.95] [165.05] [169.39] [167.21] [168.91] [169.07] [169.7] [168.54] [167.48] [169.05] [168.66] [167.53] [169.08] [170.65] [172.98] [173.44] [174.93] [174.3] [175.52] [175.59] [172.76] [174.87] [172.74] [170.69] [173.9] [188.49] [187.24] [186.22] [185.28] [187.48] [182.13] [173.26] [177.49] [173.94] [172.81] [175.5] [175.91] [172.53] [173.72] [175.17] [171.82] [174.73] [176.1] [174.39] [173.71] [175.1] [175.03] [175.92] [178.39] [176.4] [174.32] [173.68] [174.36] [175.19] [175.84] [176.53] [171.27] [183.49] [190.28] [189.81] [193.56] [191.34] [191.4] [190.4] [186.88] [189.75] [190.85] [190.45] [188.07] [191.84] [190.78] [191.78] [194.5] [192.89] [193.71] [192.82] [192.25] [194.01] [194.64] [197.66] [199.14] [200.15] [198.77] [199.96] [201.24] [198.71] [193.77] [194.37] [173.75] [163.31] [161.0] [165.09] [164.37] [164.19] [162.86] [162.68] [160.82] [164.0] [164.88] [164.69] [162.99] [162.21] [158.1] [155.06] [155.68] [150.61] [149.75] [153.17] [149.22] [148.73] [148.35] [159.0] [161.13] [151.2] [150.81] [150.11] [148.43] [148.28] [148.44] [151.73] [152.2] [151.26] [149.25] [152.35] [149.68] [144.8] [149.03] [146.13] [147.52] [148.34] [142.18] [138.03] [145.09] [142.58] [143.24] [144.94] [144.99] [145.44] [151.15] [152.96] [149.87] [151.7] [154.38] [151.58] [147.46] [147.54] [142.77] [141.15] [141.13] [137.04] [139.54] [142.04] [147.17] [142.35] [143.52] [145.25] [148.44] [147.34] [150.8] [150.6] [150.0] [149.92] [152.44] [151.34] [154.07] [151.37] [150.59] [150.98] [153.8] [156.84] [157.53] [158.27] [158.46] [157.78] [158.27] [157.48] [157.98] [158.23] [160.99] [161.43] [161.59] [162.36] [162.48] [160.41] [161.21] [158.5] [160.9] [158.86] [157.0] [156.25] [154.66] [157.68] [160.23] [161.02] [160.38] [161.87] [161.02] [158.4] [157.38] [157.59] [157.89] [158.07] [157.58] [155.98] [156.34] [155.23] [154.26] [152.99] [150.15] [150.0] [152.39] [151.74] [148.99] [149.57] [145.55] [146.93] [144.01] [134.12] [143.36] [145.58] [144.9] [149.28] [154.55] [156.81] [156.99] [153.84] [151.39] [151.67] [150.71] [150.32] [151.5] [153.89] [154.9] [152.49] [152.75] [152.88] [152.41] [153.57] [155.74] [155.56] [154.57] [154.44] [151.0] [153.74] [154.87] [158.03] [161.02] [162.16] [162.46] [161.06] [161.54] [162.29] [164.85] [164.5] [164.15] [163.46] [165.45] [164.92] [163.17] [164.61] [163.49] [164.71] [165.99] [166.94] [167.02] [164.67] [170.0] [169.26] [168.17] [166.44] [168.38] [170.5] [170.49] [168.75] [166.57] [167.8] [166.09] [166.75] [162.0] [160.0] [158.5] [156.97] [158.97] [159.37] [158.93] [160.05] [159.69] [156.83] [157.98] [156.79] [158.2] [158.79] [158.81] [160.3] [160.67] [156.86] [152.72] [152.93] [151.54] [150.49] [148.26] [148.11] [149.05] [145.58] [147.62] [149.0] [148.73] [151.58] [151.25] [148.92] [147.11] [148.53] [147.32] [147.62] [148.67] [149.39] [149.0] [147.96] [146.63] [147.26] [147.58] [146.39] [144.15] [142.06] [142.09] [140.68] [142.92] [140.43] [143.52] [143.44] [138.45] [140.33] [139.88] [139.66] [138.8] [138.85] [137.54] [137.45] [134.79] [140.85] [145.11] [145.28] [164.0] [163.21] [163.44] [166.12] [162.75] [167.63] [170.26] [171.69] [171.15] [172.34] [169.48] [169.18] [170.46] [171.44] [170.18] [172.38] [176.41] [176.05] [174.21] [173.26] [173.03] [171.62] [173.36] [171.61] [174.26] [174.76] [172.7] [170.69] [170.72] [172.01] [170.08] [171.32] [170.78] [170.37] [170.87] [171.32] [170.06] [168.7] [173.51] [172.42] [174.42] [174.34] [173.01] [174.21] [172.24] [167.08] [168.8] [169.4] [167.75] [166.15] [165.35] [163.9] [163.99] [160.09] [162.98] [161.73] [161.21] [158.29] [162.26] [165.23] [165.0] [162.39] [163.29] [164.21] [160.61] [164.5] [160.74] [159.32] [156.46] [156.85] [155.64] [158.59] [156.68] [157.3] [155.35] [154.26] [153.51] [154.97] [155.52] [152.76] [154.3] [153.58] [152.74] [152.42] [152.95] [152.54] [151.6] [151.27] [150.78] [148.5] [147.19] [148.38] [149.24] [148.26] [148.4] [144.93] [143.76] [143.75] [142.51] [141.88] [142.49] [142.91] [141.92] [141.26] [140.33] [141.53] [143.56] [146.47] [147.88] [147.0] [146.29] [145.75] [142.97] [143.15] [140.44] [142.49] [142.71] [144.98] [145.17] [146.81] [145.83] [145.49] [145.76] [144.66] [146.65] [143.71] [144.73] [148.85] [150.9] [139.15] [131.65] [133.0] [131.84] [134.65] [134.14] [134.1] [136.98] [137.0] [134.99] [132.09] [130.44] [125.93999999999998] [128.10999999999999] [130.95] [131.93] [130.53] [130.47] [130.3] [128.27999999999997] [124.25999999999999] [120.21] [120.74999999999999] [120.06] [121.39] [119.75] [116.25] [116.45] [117.45000000000002] [110.12999999999998] [104.47999999999999] [102.7] [101.94] [101.15] [101.03] [100.69] [103.66000000000001] [101.81] [101.78] [100.47] [100.7] [103.37] [105.11] [103.59000000000002] [105.73] [108.05000000000001] [109.90000000000002] [111.60999999999999] [111.99999999999999] [113.68] [114.27] [111.13] [110.85999999999999] [109.51000000000002] [109.24000000000001] [108.44000000000001] [106.08999999999999] [107.88] [91.99] [86.56] [90.75] [92.84] [93.93] [95.23] [95.29] [94.18] [93.49] [95.94] [93.9] [95.12] [97.29] [98.31] [97.71] [96.92] [96.0] [93.59] [94.0] [92.31] [97.07] [100.09] [99.77] [99.66] [99.0] [94.5] [94.75] [93.9] [95.83] [97.99] [98.2] [99.26] [99.7] [99.58] [99.46] [95.04] [94.77] [94.14] [94.23] [91.22] [91.7] [89.38] [86.76] [85.7] [86.38] [87.83] [86.24] [87.36] [86.55] [85.73] [83.71] [82.89] [85.14] [81.93] [82.17] [82.33] [81.02] [81.39] [81.53] [80.66] [79.2] [79.56] [80.16] [80.72] [94.88] [93.93] [92.0] [91.02] [89.21] [90.94] [89.2] [89.64] [89.61] [89.89] [93.96] [99.58] [100.74] [100.94] [107.1] [100.87] [97.75] [98.21] [100.15] [101.71000000000001] [103.63] [103.65500000000002] [101.18] [101.86] [102.645] [100.54] [99.17] [100.52] [100.8] [101.71999999999998] [99.86] [99.85] [100.9] [106.42000000000002] [107.75] [111.96] [112.04999999999998] [111.68999999999998] [110.27] [110.7] [114.38000000000001] [116.75999999999999] [114.74] [115.67] [116.24] [116.88] [117.74] [119.26] [121.11999999999999] [123.34] [123.52000000000001] [121.57000000000001] [119.86000000000001] [116.24] [115.92000000000002] [113.05] [108.28] [112.09] [109.93000000000002] [110.39000000000001] [109.795] [109.17000000000002] [105.5] [109.22999999999999] [108.72] [107.4] [116.96] [115.1] [111.14999999999999] [116.5] [113.26] [110.71] [114.24] [116.67000000000002] [115.45] [116.54] [117.43000000000002] [117.33] [116.43999999999998] [118.56] [118.74999999999999] [119.16000000000001] [117.53999999999999] [116.93] [116.79] [116.38999999999999] [114.66] [114.01999999999998] [112.41000000000001] [112.48999999999998] [114.58] [115.28] [116.33999999999999] [118.61] [112.5] [110.09] [115.46] [115.62999999999998] [112.94] [111.14000000000001] [111.16] [111.46] [111.14000000000001] [106.93] [108.75] [108.85000000000001] [107.55] [105.27999999999999] [103.25999999999999] [105.76] [106.82] [112.02000000000001] [113.14999999999999] [116.45999999999998] [113.86] [115.51000000000002] [115.57999999999998] [115.0] [116.99] [118.81] [116.87] [118.25] [118.31000000000002] [119.88] [121.29] [120.64000000000001] [119.13999999999999] [119.37] [118.4] [123.54999999999998] [115.82] [123.32] [124.69000000000001] [124.36] [124.0] [128.34] [128.84] [129.0] [129.77] [130.11] [131.0] [129.91] [132.24] [133.65] [133.37] [133.27] [133.49] [136.14] [136.9] [139.2] [139.1] [143.42] [137.94] [137.52] [137.12] [134.2] [135.81] [135.0] [136.15] [135.44] [137.22] [137.59] [140.94] [139.82] [140.37] [139.3] [139.67] [139.15] [140.19] [139.85] [142.85] [142.14] [145.1] [139.4] [141.0] [142.41] [139.85] [140.87] [140.52] [139.4] [144.25] [145.52] [145.39] [145.32] [146.92] [146.84] [147.0] [153.34] [157.98] [158.5] [159.65] [160.44] [161.22] [160.54] [161.26] [163.15] [164.87] [162.21] [162.34] [163.42] [161.47] [164.51] [169.41] [167.97] [167.23] [168.47] [166.93] [167.14] [167.1] [166.95] [167.51] [159.75] [167.92] [170.14] [170.82] [167.7] [168.0] [167.91] [169.42] [169.71] [169.02] [170.47] [168.68] [167.7] [165.63] [165.4] [168.27] [169.0] [162.87] [163.58] [165.0] [170.7] [166.81] [159.72] [163.3] [164.39] [162.44] [163.5] [159.41] [161.7] [166.71] [165.16] [166.09] [159.96] [165.02] [165.24] [166.56] [169.21] [170.12] [172.66] [170.33] [184.07] [185.99] [176.88] [177.55] [179.15] [174.05] [171.5] [173.7] [178.91] [176.65] [178.85] [177.91] [177.78] [178.97] [180.12] [176.31] [174.62] [167.81] [167.68] [166.95] [166.82] [165.3] [162.61] [160.0] [158.71] [155.28] [151.57] [151.03] [149.72] [153.44] [155.34] [156.05] [156.16] [158.23] [164.17] [161.68] [162.01] [162.68] [163.03] [164.51] [157.79] [158.62] [160.89] [161.99] [167.23] [166.67] [164.04] [164.5] [156.83] [151.65] [154.15] [156.19] [158.4] [159.9] [159.63] [162.39] [161.38] [160.0] [161.99] [162.44] [165.87] [168.68] [165.92] [169.83] [169.93] [166.0] [166.21] [161.31] [162.63] [163.0] [162.59] [156.72] [162.25] [161.92] [158.51] [157.82] [157.09] [152.85] [152.26] [155.62] [155.25] [155.06] [153.64] [155.22] [161.44] [164.51] [163.83] [168.33] [165.5] [167.85] [167.96] [167.32] [169.89] [172.79] [173.54] [174.08] [172.14] [174.31] [175.78] [176.9] [176.7] [178.65] [180.96] [180.54] [182.56] [179.95] [176.56] [174.45] [171.09] [173.29] [169.8] [170.31] [169.94] [167.41] [166.13] [164.05] [167.05] [161.06] [161.09] [160.12] 
 ---------