Company Name: Alliance Data Systems 
Ticker Symbol: ADS 
sentiment1: No Time to Go 'Wobbly': Pompeo Scolds Britain Over China and Huawei 
 published on: 2019-04-30 
---sentiment2: As Cars Collect More Data, Companies Try to Move It All Faster 
 Cars Look to Pick Up Speed, for Data, Not Driving 
 published on 2019-05-08 
---sentiment3: Industries Turn Freedom of Information Requests on Their Critics 
 Businesses Turn to Public Record Requests as Weapons Against Their Critics 
 published on 2019-05-08 
---sentiment4: G.M. Backs Rule to Curb Carbon-Monoxide Risk in Keyless Cars 
 G.M. Backs Rule to Curb Keyless Risks 
 published on 2019-03-08 
---sentiment5: Australia’s Prime Minister Blames ‘Sophisticated State Actor’ for Parliament Hack 
 Officials Say Ebola Virus Is Found in Bat in Africa 
 published on 2019-01-24 
---
Current Value: 150.23 
Prediction: Decrease 
Perecent_correct: 0.6587301587301587 
Predicted Values: 
 [202.23901331][202.57694937][203.06926554][202.46294505][200.10056176][199.46020555][199.23293058][202.01549307][201.19986889][203.8263817][207.61789622][209.11717822][210.13734758][208.77816472][208.19154325][212.97117849][215.04467502][221.28479077][227.19639771][229.53341466][230.34643717][229.09067939][227.04625206][225.58215579][224.63652993][217.72326292][219.27546058][222.17809531][227.0015076][233.27830381][230.57913579][227.84486841][228.01227691][227.94870555][227.03888793][226.29470201][226.62762906][227.55974887][229.08814743][228.83203085][228.48109091][229.44628053][227.58426827][225.66549651][225.27218241][227.81501155][231.98636693][231.69601997][231.45717377][232.42761097][232.00099998][230.40267513][230.11612354][232.0759465][229.46282211][226.87137355][227.2644925][226.74843476][225.66757754][223.22623743][224.22831655][219.21570162][220.10130316][222.20466798][224.48465457][225.62088652][224.20027419][224.17374181][223.94405464][222.3237448][222.36428607][223.98486228][223.94059477][224.15069236][224.65437511][225.84230738][227.07698781][229.00884194][232.7218916][234.38555657][236.49470151][238.09806189][240.2216299][239.68932259][240.94507237][240.63081257][238.55073354][238.90859784][239.5456489][240.82407419][241.37596947][242.99533067][242.44659551][240.2171541][240.14378553][239.92537496][239.69302763][239.33675683][237.58104928][235.31396126][237.10900598][238.63078349][237.27998173][238.48779497][239.17940606][241.58259364][242.8100831][243.87459386][244.50490286][245.61071384][246.16235756][245.68687539][243.5121265][237.45803684][234.15605377][232.32542873][233.05031784][233.34543188][234.72586916][251.18977626][254.40156314][254.91679429][254.98127493][255.06615715][254.24840579][248.93165831][245.73713993][247.95438286][248.11108497][248.57253102][248.11663678][249.48256901][252.13459673][251.94471065][247.77463956][241.94655367][238.67135383][240.05141923][235.31362054][231.6494826][230.56936663][232.52243084][232.23205794][232.27840144][239.98818244][238.97739064][237.86924113][236.45160466][236.28343268][234.68739995][232.42763391][233.7705557][235.26323751][235.20964962][237.29928874][237.91427662][240.75482959][239.38788745][241.37135435][246.51345337][250.29242362][250.58784619][251.87162822][251.86872918][253.98402961][254.16788715][254.01499991][254.69039579][254.03103409][251.38038781][250.64100485][251.8183714][249.12888994][249.13039415][249.00469524][251.54128136][253.71274724][255.81656757][256.55043226][256.21882899][254.3042311][255.24170586][238.98567289][231.75752][233.67238865][236.87930978][235.77273674][236.58847222][235.37231087][236.12735391][235.8534789][235.03888281][235.01206588][235.04787367][233.98211037][232.38138491][229.33188058][222.98792887][218.93115791][220.71372377][221.93161769][224.49369303][222.80003087][218.96049915][218.07792976][219.42097586][218.12896866][219.46717747][219.64156109][220.10685614][219.44871233][220.7814257][222.18230219][221.84418093][219.22966687][217.6787026][216.19266781][212.33203801][215.6053849][217.48548637][218.75237818][217.55433373][214.81847122][214.7175487][213.96189231][210.93020954][211.74360988][213.65434479][214.57371554][216.22396064][217.09723618][217.10034015][219.25329261][219.59167252][221.40581212][222.45086672][222.64342743][222.48628455][222.8043371][223.20787583][222.1967256][219.1123172][224.60360944][226.61004725][224.33418937][224.83437149][227.03559251][233.86887124][235.78332586][234.75950796][233.35474009][230.51526792][228.63511108][224.51658314][221.52110353][221.85467056][222.91686421][222.1327931][225.49058431][226.16088074][225.63234483][224.06495912][223.26322353][220.53703947][221.56874276][221.34479065][222.17045672][221.37457534][221.31554264][219.29349662][220.72201662][218.67487664][218.49439315][220.80977845][226.9204657][233.42988594][232.04371132][233.70272395][231.38177661][227.06964571][227.24298015][229.09489541][229.49559644][231.89311172][231.52189625][231.27883818][233.86486031][240.27343028][241.05604212][240.47996828][243.1033148][244.9231162][244.40964763][243.9000342][244.93548609][246.6901035][248.21617544][253.83377034][255.34209691][256.78955664][256.25339603][258.73334104][262.04519629][264.16620999][267.11414474][261.33131133][252.63094317][250.41909445][252.05182454][254.19323541][253.71778879][253.74219676][246.03826918][251.90094091][251.69058182][248.36478228][250.18776444][249.82842731][246.72849549][239.14479388][233.81588942][239.47058922][239.00704519][236.40142929][240.95573445][241.04265537][242.59039658][241.20500476][238.02466867][240.02380041][237.36014357][235.92503322][235.93101796][238.97223825][238.88707983][237.45147055][234.6756124][228.66154465][227.58060525][230.74293098][229.99974245][231.69396204][233.51499352][234.13225766][231.15315308][227.98862269][225.49756555][224.94319099][225.02811444][225.21480866][223.77710231][220.37156683][216.3479741][217.69191632][217.81606516][218.22570771][215.48179132][209.2390711][205.64706745][204.5918636][207.12972716][205.32737253][205.23705012][208.04315693][206.09010872][206.07874607][204.93579937][207.73066677][209.37240951][211.31367121][208.67680036][210.93859146][207.51346438][206.17760003][203.17023417][203.24919961][202.87259546][202.57168047][201.8777994][201.08245091][196.45746823][195.24136472][198.16312694][200.03007793][202.35764991][204.20607692][205.86936143][207.0976433][206.06418587][207.46391753][208.34349558][208.56158321][210.05825994][210.72041016][211.05807695][212.07354142][211.38962047][209.09028278][210.29149269][210.16120484][209.23521652][209.21253674][211.9762812][217.11561573][218.53842082][218.20546225][219.26104898][220.78636963][221.30576041][222.58234469][226.75393831][230.01576864][228.67334842][231.50682461][232.34181232][232.73435196][231.68117755][229.6899047][227.87951329][228.92883903][230.47585699][229.86397294][231.42276434][232.16270168][234.49365617][238.35574198][238.55108459][237.03157868][238.5510421][237.98073574][225.06372634][219.8634862][222.91862611][224.25169307][227.87973439][229.05822156][229.5516074][230.85779512][230.82896788][226.55815284][223.73063629][222.12154385][221.8053484][221.35603863][223.21579274][223.7714365][225.23374955][226.67063095][226.52426514][225.23240842][224.15530146][226.86795549][225.94091441][237.01009009][232.04269708][234.3396689][235.94261861][235.21350304][233.9731553][232.92112028][234.03183383][234.23493687][235.00205643][234.70936559][234.08224837][232.98323888][233.11917932][233.31603865][232.51420263][233.23223571][232.44893628][235.97431865][238.73493936][237.24194578][239.62294094][240.69206682][241.31504955][242.01565799][242.8989884][241.18545036][238.76516379][236.40029547][232.8351553][231.20141157][233.49083272][231.68199011][231.66201983][231.81091898][229.72973233][226.04023082][224.58576414][221.76773659][214.51667676][212.61268453][209.833308][210.45967729][211.03096552][216.25473022][217.11088435][211.57602124][204.02187845][202.19607445][200.93254103][199.54200895][201.03877406][201.08434831][204.28256636][205.7228482][205.77486019][218.62335256][205.8377618][209.38941015][210.76296396][207.97735125][204.71181067][204.02918846][202.87981959][197.36132833][197.42531862][195.7663281][192.54114487][195.69271865][194.54414204][198.55421854][197.81970543][197.4765478][197.1185377][198.17272849][200.43655943][194.73338017][186.92822185][185.68337795][182.33327444][182.28003297][181.97287918][179.96391641][175.76352865][170.82656503][165.81595366][164.20961267][159.98562337][157.15334196][151.47880645][154.06470626][155.3828262][156.05525087][154.6480702][157.22604177][156.89176872][162.59231088][165.42214016][167.20181734][170.10670919][170.51975569][169.55759961][170.39903012][171.38007648][171.14374011][171.56604973][174.07209568][174.22051294][176.0344073][185.66005569][179.07298143][179.22639587][179.59111562][180.24568572][180.36700311][181.3740969][182.71115624][182.78533203][181.99813623][166.79102208][165.59474983][168.19962635][170.884131][172.77112639][170.55589146][173.77851736][176.16809861][176.01337916][174.57225014][175.07318377][177.41141054][176.20020609][171.88144674][174.94746251][176.38548863][175.70290315][174.24968299][172.57372818][169.67812227][159.69703174][170.79041067][171.30028805][172.85005754][173.17747654][173.73065945][174.30703358][175.34763486][172.19468299][173.3389742][170.76472894][167.25740558][170.86889108][173.07736147][174.26635866][176.91453043][178.5173547][178.15717282][179.92681598][181.17589771][181.07486993][179.10965898][178.78942356][178.67280748][178.14770109][181.29069342][234.84381862][172.44530872][173.31481914][166.60500169][165.02321285][163.28749415][167.32759812][183.0440248][160.12249301][148.64503736][162.82586247][171.65265975][164.81306752][160.0736004][157.82988857][155.62418791]
 Actual Values: 
 [203.5] [204.64] [204.74] [202.06] [200.28] [199.5] [201.98] [202.58] [199.55] [208.86] [209.23] [213.52] [211.19] [209.11] [212.04] [217.92] [217.76] [228.52] [232.77] [235.3] [234.72] [232.84] [229.59] [229.09] [219.74] [219.95] [223.97] [227.1] [234.17] [237.12] [232.25] [232.32] [232.92] [229.81] [231.49] [228.96] [232.37] [232.17] [234.55] [232.0] [233.43] [234.0] [229.68] [229.83] [231.19] [235.28] [236.28] [235.55] [236.85] [237.5] [235.39] [233.37] [235.83] [236.29] [230.07] [232.41] [231.6] [230.58] [227.61] [227.49] [220.0] [223.51] [221.78] [227.26] [229.17] [229.3] [227.38] [228.1] [226.11] [225.15] [225.89] [228.64] [227.94] [226.79] [228.8] [231.49] [231.18] [234.48] [238.16] [240.59] [242.0] [244.81] [247.13] [244.66] [247.74] [243.39] [242.58] [245.8] [246.09] [246.4] [249.0] [248.78] [246.54] [246.39] [246.18] [245.6] [245.52] [244.86] [239.45] [240.9] [244.22] [241.41] [242.99] [244.58] [245.33] [248.76] [249.75] [249.2] [251.99] [250.96] [252.2] [250.31] [245.01] [238.34] [238.62] [236.58] [237.96] [238.72] [251.95] [261.0] [263.65] [261.45] [262.92] [262.84] [259.23] [249.97] [253.18] [255.64] [256.33] [254.59] [254.93] [257.68] [258.96] [256.61] [250.25] [242.9] [245.71] [241.74] [237.05] [235.29] [236.29] [237.99] [236.21] [243.5] [245.41] [244.0] [242.3] [240.79] [241.26] [237.84] [235.51] [241.66] [238.1] [241.46] [241.0] [245.5] [246.29] [241.31] [250.38] [255.76] [256.18] [259.0] [258.35] [260.52] [261.0] [261.03] [261.44] [263.22] [259.76] [257.26] [258.68] [257.02] [254.74] [255.5] [256.6] [260.56] [261.65] [264.55] [265.1] [261.35] [262.24] [243.88] [235.98] [236.63] [240.89] [242.67] [243.0] [240.18] [241.3] [242.02] [239.88] [240.21] [240.99] [238.54] [238.02] [235.0] [229.33] [221.42] [224.67] [223.0] [227.11] [227.97] [222.56] [221.08] [222.0] [221.68] [221.38] [223.34] [223.39] [221.65] [223.33] [226.0] [225.95] [224.13] [220.63] [220.55] [214.96] [217.1] [219.14] [221.06] [221.96] [218.43] [216.45] [217.82] [215.05] [211.3] [215.1] [217.28] [218.65] [220.46] [219.84] [221.01] [222.0] [224.0] [226.76] [225.96] [226.26] [226.25] [227.01] [226.48] [223.97] [221.54] [232.26] [228.75] [227.5] [229.0] [235.36] [240.39] [239.94] [240.02] [236.04] [233.09] [230.55] [224.55] [224.46] [226.89] [226.25] [226.37] [230.4] [229.72] [227.88] [227.68] [223.4] [223.7] [224.9] [225.53] [224.58] [224.35] [219.04] [224.97] [221.84] [221.74] [222.34] [226.88] [235.0] [238.04] [236.26] [238.42] [232.3] [228.81] [233.71] [233.12] [234.13] [237.5] [235.24] [237.0] [243.79] [247.8] [244.85] [248.18] [250.56] [250.5] [250.41] [251.365] [252.54] [254.29] [260.0] [261.68] [265.0] [264.83] [264.5] [267.95] [271.94] [274.79] [276.0] [260.38] [258.1] [255.01] [262.09] [260.97] [262.45] [252.74] [253.75] [259.72] [254.0] [255.98] [256.26] [255.13] [247.18] [233.57] [240.08] [246.08] [242.77] [243.56] [247.11] [246.26] [250.8] [240.5] [244.5] [243.77] [241.34] [240.26] [243.02] [245.64] [243.6] [241.06] [232.82] [230.8] [233.7] [233.22] [236.96] [237.26] [239.05] [237.97] [233.22] [230.28] [228.44] [228.0] [230.09] [227.31] [225.73] [220.86] [218.27] [222.3] [219.09] [220.65] [212.85] [208.3] [203.89] [207.51] [207.41] [206.24] [209.16] [208.27] [206.58] [206.78] [207.07] [210.3] [212.93] [208.25] [213.99] [210.31] [209.43] [205.13] [204.87] [204.05] [204.48] [203.0] [203.82] [197.97] [193.31] [198.2] [199.48] [202.07] [204.14] [206.78] [208.14] [208.0] [207.67] [209.69] [210.99] [210.9] [213.07] [211.35] [214.89] [214.17] [212.02] [211.37] [213.58] [211.99] [210.49] [211.84] [216.0] [222.39] [220.09] [223.06] [222.19] [225.61] [225.37] [226.09] [234.23] [231.2] [234.96] [236.53] [237.32] [236.0] [235.31] [233.81] [229.42] [236.33] [231.15] [236.37] [235.81] [238.16] [242.69] [244.69] [242.54] [244.07] [243.62] [232.96] [219.0] [226.47] [226.19] [227.25] [232.31] [235.26] [233.71] [235.89] [232.89] [227.98] [225.9] [224.84] [224.82] [225.7] [227.63] [228.5] [230.65] [230.6] [229.59] [227.8] [230.05] [229.15] [232.31] [235.1] [238.37] [241.26] [240.0] [240.25] [238.43] [238.28] [239.44] [238.9] [240.56] [238.7] [238.45] [236.61] [238.06] [237.76] [238.05] [236.98] [237.25] [243.62] [243.36] [242.5] [245.96] [247.3] [248.0] [249.1] [248.74] [245.39] [243.0] [238.99] [235.77] [237.66] [238.05] [235.22] [236.91] [235.96] [229.71] [229.11] [227.74] [220.25] [215.5] [213.0] [211.4] [214.18] [211.63] [222.08] [217.0] [205.03] [205.81] [200.52] [200.75] [200.41] [201.26] [203.78] [206.62] [208.53] [205.47] [206.4] [209.47] [212.14] [210.85] [207.98] [204.44] [206.42] [198.07] [197.48] [197.5] [189.23] [193.67] [194.55] [196.74] [200.44] [194.0] [197.85] [196.74] [202.4] [198.63] [185.43] [186.9] [181.71] [182.48] [180.45] [180.23] [174.14] [171.96] [163.56] [160.12] [157.26] [154.28] [147.52] [145.87] [150.0] [152.2] [150.0] [148.01] [152.85] [154.22] [162.16] [163.92] [166.56] [167.47] [166.41] [166.27] [168.69] [167.82] [167.86] [171.45] [172.07] [173.09] [173.67] [176.84] [175.7] [178.13] [178.06] [178.61] [178.15] [182.0] [181.65] [181.21] [164.98] [158.95] [164.89] [166.01] [169.7] [168.59] [168.69] [172.31] [174.47] [172.83] [171.71] [176.15] [173.62] [174.5] [172.97] [174.64] [174.25] [172.69] [170.98] [167.74] [164.0] [167.07] [169.7] [169.05] [171.1] [170.44] [172.62] [173.35] [170.84] [167.77] [170.27] [164.01] [165.59] [170.06] [171.14] [173.75] [176.07] [176.94] [177.18] [179.53] [180.58] [176.75] [177.5] [177.66] [177.12] [177.04] [172.74] [164.84] [164.86] [164.15] [161.99] [161.16] [163.04] [160.0] [154.07] [157.41] [158.07] [160.8] [156.13] [156.1] [153.03] [151.6] [150.23] 
 ---------