Company Name: Ameren Corp 
Ticker Symbol: AEE 
sentiment1: Executive Pay Becomes Political 
 FAIR GAME; Executive Pay Becomes Political 
 published on 2018-09-26 
---sentiment2: Corporate Donors to Lawmakers’ Charities 
 Coal Project Hits Snag As a Partner Backs Off 
 published on 2018-05-21 
---sentiment3: The Trouble With That Revolving Door 
 For Their Help In Puerto Rico, They Got Taxed 
 published on 2012-11-21 
---
Current Value: 72.64 
Prediction: Decrease 
Perecent_correct: 0.6825396825396826 
Predicted Values: 
 [48.82293259][48.89303531][49.69963434][49.61542012][48.86678985][48.86705052][49.77936884][50.37688205][51.11503588][49.53275594][48.32544894][47.92409484][48.17443191][49.12229297][49.03641219][48.47584869][48.49272246][48.74585217][49.20851088][49.03641143][49.6820183][50.72925689][50.95363061][49.56235796][48.8350196][49.53974693][49.05811641][49.32589532][49.79977877][49.64227456][50.34181249][51.01906735][51.6574848][51.62044696][50.88603514][51.44351256][51.91724667][52.07004343][52.13544274][52.19115268][52.44704778][52.50043161][52.24639948][52.42676586][52.52816716][52.43715547][52.52177912][52.55311283][52.9059995][52.70083713][52.0749291][52.09709644][52.09805234][51.90313816][52.31960635][52.38753999][52.01841049][52.03760823][52.09799963][51.98678208][51.85335425][52.01021885][52.03828374][51.82075715][52.25934373][52.13009904][52.27279907][52.73093209][52.75119116][52.683864][52.97356953][53.01172128][52.81684676][52.9787578][52.74086031][52.33962469][52.59343416][53.23363777][53.61028014][53.88233335][54.10781676][54.35700741][54.39508963][54.47761623][54.5367328][54.97233586][54.99882057][54.88512466][54.80119709][54.21533272][54.22218917][53.94835532][54.01039142][54.08151581][54.59808976][54.39826733][54.83818584][54.91312378][55.15443958][55.91168196][56.05645954][56.1338132][56.26694118][55.8196609][55.14501141][54.79859649][54.6035514][54.47710114][54.71528292][54.83397242][54.88935064][54.68921568][54.59061279][54.63404506][55.08564858][55.15575746][55.2809442][55.40893662][55.10310938][54.49188614][54.86275285][55.37353445][55.13872554][55.12394216][55.08898129][54.84918845][54.54298191][54.36211372][54.30573091][54.59386981][54.86880465][54.71197645][54.42761457][54.33073257][54.32026315][54.74783384][54.9940077][54.94704629][54.64972296][55.01407272][55.50540656][56.06144009][56.60757177][56.23948603][55.92013378][56.0346105][56.31828721][56.67892585][56.73172882][57.05495422][56.97276122][56.92992287][56.91924585][56.5770308][56.19831077][56.02118126][56.13125816][56.58025469][56.42521252][56.80794621][56.94309129][56.9280796][56.8213398][56.31899585][56.14016873][56.18198917][56.11057812][55.83897663][54.78524985][54.70515313][54.55418984][53.97843392][53.67366072][54.01457497][54.10238512][53.87119509][54.32416957][54.19491174][54.43127637][54.70763198][55.19812514][55.50752194][56.01501437][56.31629621][56.29139686][55.8351282][56.08792203][56.19825875][56.20533584][56.12998125][56.38511985][56.55326079][56.76794216][57.30220722][57.80605355][58.26341265][58.34460333][58.33561068][58.2178836][58.28560235][58.54868688][58.95903338][59.04097009][59.17819613][59.22952109][59.62951814][60.04606466][60.2101645][60.39721313][60.51668407][60.54137721][60.30721431][60.20213879][60.03511646][59.81995483][59.73515144][59.68934223][60.02359734][60.5661951][59.93514194][59.08429643][59.2289613][59.82715091][59.57209008][59.24296011][59.12448586][58.85730023][58.78474853][59.16748648][59.18021538][58.42350467][58.18671103][58.07484761][58.30304017][58.13060386][58.29886691][58.66891265][58.66267623][58.97890663][59.59260921][59.8681608][60.09123087][60.4678071][60.58147413][60.72338252][60.8935142][61.3032512][61.51753057][61.64190287][61.64048571][61.37269174][61.53611607][61.58169296][61.79760736][61.86751554][61.86132155][62.154383][62.1232378][62.32975981][62.66111359][62.78288918][62.6258033][62.49180553][63.06740907][64.08840318][64.46198284][63.87376061][63.43321653][63.29246386][63.3231793][63.06588938][63.0787975][63.29174216][63.68791112][63.80364859][63.86870375][64.02402255][63.59539178][62.91137285][62.6443942][62.63750462][62.8906283][63.34428858][62.46226966][61.19900707][60.9435362][61.0421849][60.78025784][60.15183827][59.2238565][58.46098618][58.60275275][58.58869495][58.63235641][58.9555557][59.14449378][58.72279401][58.21788409][57.88691663][57.52699191][57.84182786][57.65826746][56.76754731][56.45239443][55.81079602][55.60302318][55.70823073][55.56607459][55.43875879][55.45687058][55.83897637][55.89634771][56.36156182][56.8788364][56.28807407][56.02878977][56.41497127][56.07451112][54.9896906][54.79379968][53.31302333][53.25611337][53.22793903][54.65491684][55.22911998][55.10151387][54.86665614][55.71743825][56.44369911][55.71326601][54.88221555][54.78393598][55.73089082][56.11763447][55.63094799][54.8083515][54.28112161][54.15299715][54.71126227][54.58227807][53.70201956][53.84444581][53.87373318][54.30447454][54.21288424][54.49144108][54.87362177][55.25465353][55.41022939][55.23595684][55.27540511][55.17555413][54.7910176][54.61748481][55.79455355][56.09374401][56.38184374][57.06607805][56.98957417][56.85598325][57.24579454][57.4487254][57.13095172][56.69906393][56.11299723][55.7749951][55.55899423][56.09824636][56.73915633][56.95918864][56.63817024][56.49676565][56.68044303][57.01972813][57.27074473][57.60537136][58.27074993][58.70039271][58.53119058][58.38342707][58.5696089][58.88354194][58.72094197][57.75188703][57.17565743][56.49970915][56.69533498][56.79693358][56.38899967][56.23083703][55.95631412][56.15887848][56.29177816][57.12848592][57.5484245][58.68919619][58.80266003][58.94786963][59.07278625][59.32525703][58.68359249][58.24488389][57.78879798][57.28410193][56.87351068][56.96776812][56.46731813][55.7945513][55.99706321][56.13813468][56.67811504][57.38212947][58.04908987][58.24232823][58.4093324][58.57606924][59.30451963][59.76669374][60.23673002][60.81093562][60.82158653][61.05006878][61.2955222][61.36992521][61.83400546][61.26649063][60.15745163][61.06020886][61.35056932][61.32524372][61.37081024][61.3914635][61.11245444][61.61130101][61.38171024][61.18572194][60.81329549][61.18391883][62.00756887][62.08917574][61.63553177][61.87703835][61.52250208][61.61420158][62.32511537][62.62521001][62.51118426][62.55167303][62.71751272][62.98364743][62.88763485][63.06221766][63.57970785][64.07777839][64.61224402][64.80392729][64.30580278][63.95134257][63.70960805][63.80274428][63.80837888][63.18125283][63.32758224][63.58908834][63.53771294][63.63174244][64.51808549][65.44615588][65.29650368][65.82283039][65.57476131][65.49724512][65.51845281][65.31515646][65.35310714][65.10293122][64.57669438][63.94806194][64.20857901][64.10303521][63.39415533][62.63187316][62.52865521][62.90057986][63.18132236][64.02659038][64.13912367][63.71508964][64.69881887][65.67844414][66.16674411][66.35408417][65.47976813][63.84897183][63.91007286][64.46592213][64.85682313][64.929414][65.69972462][65.79399788][65.90296801][66.51412245][66.1223296][65.47062336][64.95578497][65.37386512][64.77968522][64.66755271][64.27359978][64.42565727][64.8683102][65.76538249][66.1271215][66.97309539][68.12536832][68.68722762][68.7352521][68.99014499][69.81538664][69.54693236][69.82161641][68.35984402][67.70021575][67.85405753][68.31635099][68.53391098][67.6998234][68.36654683][69.22982262][70.25805224][70.23504197][70.33494013][70.6583302][70.34508247][70.2109076][70.26501939][70.35884933][69.08669075][67.6467679][67.63755485][67.45520437][67.28672215][65.85880676][63.96119496][64.92809562][65.36987397][65.11177477][64.50231096][63.72006442][64.19865455][64.18521905][64.52826097][64.60777481][65.32174379][65.64007351][64.91569458][65.74795393][66.29219442][66.89932974][67.13803805][67.53407936][67.87945203][68.52328919][68.39483086][67.9191536][67.79310008][67.7342974][68.84097198][69.10229787][68.75644298][68.79378669][68.83224807][69.35999292][70.10697774][70.66151117][70.57148047][69.92396332][69.13735273][69.65485373][69.99168659][70.21909785][70.79438573][71.83767774][71.79823599][70.67442004][70.31529455][70.94796017][71.30081937][71.25446896][71.2264613][71.16919765][71.39746427][71.48789384][72.26472355][72.32712552][72.71169859][72.8445832][72.86613102][72.82441601][72.23865644][72.40145534][72.87222284][73.82189126][74.15613809][74.59632295][74.5813316][74.17479012][73.42541682][73.30977749][72.65951139][72.4439867][72.19637574][72.10795133][72.06462525][71.86450911][71.9729398][71.66112741][71.81955752][72.1296081][71.61102269][70.74620336][70.66669354][70.49530524][71.0544595][71.72218601][72.11614346][72.60648249][71.74133407][72.25145345][72.4506122][72.45039481][72.75538464][72.89388238][72.80761216]
 Actual Values: 
 [48.82] [49.15] [49.96] [49.1] [48.54] [49.95] [49.75] [50.93000000000001] [49.8] [48.71] [47.8] [47.49] [48.88] [49.36] [48.36] [48.43] [48.53] [48.92] [48.85] [49.22] [50.15] [50.81] [49.47] [48.85] [49.22] [49.09] [49.32] [49.58] [49.39] [49.82] [50.57] [51.36999999999999] [52.03] [50.58] [51.13] [51.94] [51.92] [52.17] [51.97] [52.5] [52.42999999999999] [52.58] [52.27] [52.49] [52.59] [52.45] [52.45] [52.47] [53.13000000000001] [52.05] [51.89999999999999] [52.19] [51.89999999999999] [52.06] [52.39] [52.17] [51.91] [52.16] [51.91] [51.84] [51.92] [52.24] [52.01] [51.72] [52.24] [51.86] [52.78] [52.87] [52.739999999999995] [52.81] [53.06] [52.72] [52.93] [52.91] [52.14] [52.01] [53.1] [53.22] [53.83] [54.22999999999999] [54.14] [54.55] [54.16] [54.03] [54.53] [55.13] [54.849999999999994] [54.86] [54.28] [54.26] [53.98] [53.84] [54.17] [54.22999999999999] [54.47] [54.43] [55.06] [54.61] [55.74] [55.86] [56.03] [56.42] [55.94] [55.2] [54.96] [54.56] [54.52] [54.63000000000001] [54.61] [55.04] [54.83] [54.55] [54.5] [54.7] [55.36] [55.17] [55.47] [55.25] [54.31] [54.52] [55.26] [55.2] [54.94] [55.09] [54.989999999999995] [54.79] [54.45] [54.22999999999999] [54.37] [54.95] [54.8] [54.63000000000001] [54.239999999999995] [54.31] [54.47] [54.86] [55.1] [54.78] [54.64] [55.28] [55.48] [56.510000000000005] [56.32] [55.72] [55.99000000000001] [56.17] [56.56999999999999] [56.75] [57.03] [57.12] [57.0] [56.97] [56.76] [56.129999999999995] [56.01] [56.01] [56.67] [56.41] [56.510000000000005] [57.14] [56.84] [57.07] [56.41] [56.27] [55.72] [56.19] [56.11] [54.9] [54.73] [54.849999999999994] [54.12] [53.7] [53.77] [54.19] [54.00999999999999] [54.3] [54.37] [54.48] [54.47] [54.94] [55.43] [55.86] [56.09] [56.52000000000001] [55.97] [55.77000000000001] [56.19] [56.349999999999994] [56.16] [56.2] [56.36] [56.55] [57.0] [57.57000000000001] [57.85] [58.57] [58.10000000000001] [58.45] [58.13] [58.22999999999999] [58.81] [59.12] [58.81] [59.31] [59.23] [59.87] [60.2] [60.48] [60.56] [60.65] [60.34] [60.3] [60.17] [59.84] [59.97] [59.52] [59.94] [60.12] [60.28] [59.3] [58.81] [59.85] [59.85] [59.35] [59.33] [58.82] [59.04] [58.58] [59.25] [58.66] [57.76] [58.16] [58.14] [58.35] [57.98] [58.54] [58.55] [58.88] [59.27] [59.82] [59.79] [60.49] [60.3] [60.42] [60.805] [61.02] [61.49] [61.69] [61.61] [61.5] [61.5] [61.38] [61.8] [61.71] [61.98] [61.89] [61.58] [62.41] [62.34] [62.77] [62.4] [62.46] [62.63] [63.26] [64.67] [64.0] [63.43] [63.44] [63.38] [63.2] [63.21] [63.12] [63.53] [63.72] [63.7] [64.19] [63.9] [63.15] [62.63] [62.74] [62.51] [62.9] [63.09] [60.8] [60.965] [60.98] [60.94] [60.51] [59.52] [58.4] [58.53] [58.72] [58.69] [58.81] [59.24] [58.98] [58.16] [57.96] [57.61999999999999] [57.61] [57.9] [56.98] [56.7] [55.96] [55.67] [55.64] [55.760000000000005] [55.61] [55.47] [55.31] [56.02] [55.74] [56.86999999999999] [56.59] [55.91] [56.11999999999999] [56.62] [54.91] [54.92] [53.52] [53.0] [53.02] [53.07] [55.42] [54.849999999999994] [54.89] [54.87] [56.4] [56.02] [55.03] [54.68] [54.7] [56.38] [55.93] [55.12] [54.28] [54.05] [53.94] [55.02] [53.77] [53.84] [53.82] [54.15] [54.14] [54.22] [54.66] [54.88] [55.48] [55.28] [55.27] [54.88] [55.08] [54.3] [55.06999999999999] [56.07] [55.97] [57.08] [56.61] [56.92] [56.89] [57.53] [57.12] [57.01] [56.15] [56.05] [55.58] [55.69] [56.42] [57.06] [56.4] [56.730000000000004] [56.49] [56.54] [57.09] [57.23] [57.74] [58.77] [58.66] [58.33] [58.28] [58.81] [58.88] [58.25] [57.76] [56.68] [56.43000000000001] [56.98] [56.32] [56.41] [56.01] [55.95] [56.3] [57.46] [57.07] [58.3] [58.81] [58.94] [58.56] [59.23] [59.07] [58.4] [58.010000000000005] [57.72] [56.6] [57.13] [56.86] [55.43] [56.14] [55.81999999999999] [56.290000000000006] [56.98] [57.7] [58.27] [58.31] [58.47] [58.74] [59.49] [59.83] [60.73] [60.6] [60.89] [61.18] [61.25] [61.56] [62.02] [59.4] [60.56] [61.42] [61.37] [61.42] [61.56] [61.24] [61.38] [61.33] [61.41] [60.62] [60.91] [61.81] [62.15] [61.86] [61.7] [61.56] [61.36] [62.0] [62.68] [62.43] [62.43] [62.66] [62.99] [62.84] [62.89] [63.29] [63.55] [64.35] [64.98] [64.47] [64.21] [63.64] [63.64] [64.07] [63.23] [63.27] [63.58] [63.65] [63.45] [63.84] [65.08] [65.11] [65.69] [65.62] [65.52] [65.35] [65.32] [65.51] [65.13] [65.02] [63.74] [63.85] [64.27] [63.68] [62.86] [62.35] [62.49] [63.07] [63.49] [64.29] [63.4] [63.94] [65.25] [65.76] [66.28] [66.2] [63.91] [63.82] [63.77] [64.85] [64.87] [64.94] [65.86] [66.03] [65.75] [66.45] [65.97] [64.48] [65.54] [64.35] [64.94] [64.63] [63.97] [64.65] [65.39] [65.98] [66.33] [67.26] [68.45] [68.49] [68.34] [70.0] [69.35] [69.99] [68.82] [67.64] [67.87] [67.78] [68.72] [67.58] [68.02] [68.32] [70.0] [70.34] [70.14] [70.55] [70.41] [70.37] [69.86] [70.62] [70.05] [67.53] [67.68] [67.26] [66.58] [67.07] [63.37] [64.41] [65.43] [65.06] [65.07] [63.49] [63.45] [64.23] [64.02] [64.64] [64.53] [65.71] [64.87] [64.77] [65.72] [66.73] [67.03] [67.35] [67.65] [68.23] [68.43] [68.02] [67.88] [67.19] [67.79] [69.34] [68.51] [68.79] [68.78] [68.86] [69.6] [70.49] [70.66] [69.8] [68.7] [69.54] [69.72] [70.0] [70.1] [71.38] [72.36] [71.01] [70.0] [70.45] [71.58] [71.33] [71.28] [71.23] [71.29] [71.22] [71.84] [72.29] [72.42] [72.89] [72.46] [73.07] [72.44] [72.23] [72.15] [73.48] [73.93] [74.35] [74.68] [74.56] [73.33] [73.58] [72.79] [72.52] [72.62] [71.74] [72.36] [71.76] [72.06] [71.5] [71.69] [72.19] [71.95] [70.77] [70.68] [70.36] [71.01] [71.15] [71.7] [72.61] [71.97] [71.37] [72.55] [72.39] [72.46] [72.91] [72.8] [72.64] 
 ---------