Company Name: American Electric Power 
Ticker Symbol: AEP 
sentiment1: How an Explosion (Not Aliens) Turned New York’s Night Sky an Electric Blue 
 In a Flash, the Night Sky Turns an Electric Blue 
 published on 2019-03-22 
---sentiment2: Venezuela Was Crumbling. A Blackout Tipped Parts of It Into Anarchy. 
 ‘There Was No Authority’: Blackout Sent Parts of Venezuela Into Chaos 
 published on 2018-12-28 
---sentiment3: Vintage Cars With Electric-Heart Transplants 
 Vintage Gets an Electric Transplant 
 published on 2019-01-13 
---sentiment4: Ford and VW Team Up, With Talk of Driverless and Electric Cars 
 Ford and VW, Facing Market Challenges, Outline Alliance Aims 
 published on 2019-04-04 
---sentiment5: Nuclear Power Can Save the World 
 published on: 2019-03-26 
---
Current Value: 84.42 
Prediction: Decrease 
Perecent_correct: 0.718421052631579 
Predicted Values: 
 [42.12328751][42.41335103][42.27822659][42.37014007][42.55951205][42.64606468][42.97218144][42.89894762][42.63156196][43.10802758][43.46766364][43.28384585][43.0969601][42.63434622][43.12991651][43.51073961][43.37579708][43.41607049][42.97365737][42.53964161][42.70069262][43.08564635][43.10851236][42.90179857][42.68046324][42.3817564][42.42205413][42.0885386][41.80420399][41.31879958][41.21535386][41.76415197][42.0629166][43.12000348][43.29244687][43.27512643][43.2895605][43.39008271][43.41603416][43.26366138][43.39007013][43.22631037][43.26074272][42.98480293][43.20040786][43.47624148][43.35549448][43.50799626][44.11096103][44.69439567][44.97423408][44.99900792][44.92126795][44.91851832][44.92421522][44.95828259][44.38412681][44.4358584][44.38993011][44.43305356][44.77484265][44.65140207][44.79214533][44.6973275][44.98135072][44.95014381][44.83218477][44.57376164][44.48164676][44.17448741][44.57358034][44.76616156][44.16833113][43.39867083][43.26380039][43.35261185][43.24653432][43.41307944][43.28683832][43.43027833][43.12867911][43.10582422][43.13156489][43.3556661][43.42183405][43.42457538][43.52211572][43.5682519][43.59123579][43.56823418][42.9670403][41.75829088][41.95938535][42.00831779][41.64345445][41.7124301][41.76987264][41.97957782][42.01410282][42.15049266][42.18360065][42.15490985][42.39033427][42.74942604][42.59989755][42.26972426][42.41914662][42.41045035][42.27288957][42.27548409][42.16066369][42.22954754][42.40045694][42.44219941][42.28401445][42.04571888][42.30715965][42.58576755][42.58301103][42.41623795][42.13175837][41.78712984][41.46238544][41.39928661][41.33472903][41.39623782][41.62043399][41.85613638][41.86464329][41.82738379][42.074442][42.02275558][42.11466477][42.28997966][42.37039261][42.49388639][42.55994422][42.7035521][42.62891928][42.53105292][42.43341622][42.37317772][42.01116098][42.0455876][42.26399845][42.28114499][42.13476229][41.94495125][41.61768004][41.53717069][41.65216958][41.73837355][41.93367728][41.87316334][41.85460211][42.03126451][42.26987785][42.27824431][42.28975944][42.24087159][42.25261434][42.55686769][43.06841774][43.23507298][43.32702964][43.44464773][43.32990713][43.34703793][43.46776175][43.61996177][43.65161701][43.798602][43.50968015][43.22611159][43.00235818][42.87020421][43.09563261][43.36429714][43.4246226][43.72050655][43.82392944][44.47605373][44.53639948][44.41001992][44.41432814][44.5421565][44.57670777][44.69148186][44.99323922][45.11963165][45.2719249][45.26333019][45.29205903][45.32919239][45.19992504][45.05626482][44.8867132][45.21720744][45.65106873][45.78604186][45.78885955][45.79994251][45.30922271][45.59650141][45.76305226][45.67395334][45.52456792][46.46062466][46.60774209][46.60202171][46.59625672][46.43250326][46.46687269][46.41229106][46.27451367][46.17090975][45.95841032][45.87810233][45.94410183][46.056158][46.03027376][46.1854488][46.05909955][46.22285014][46.30320047][46.37783926][46.55022778][46.67378932][46.69964153][46.62214983][46.62934441][46.83459667][46.89213068][46.79728596][46.64514886][46.84901413][47.00121987][47.10479716][47.37757258][47.53543061][47.51820772][47.25106972][46.98694683][47.13332036][47.14213073][47.37476202][47.54989213][47.4580247][47.33456383][47.44079839][47.32013232][47.38038514][47.33445142][47.4091955][47.61892069][47.88025051][48.11588884][48.03827185][47.94645676][47.67351861][47.34857686][47.13908363][47.05592904][47.3919626][47.50726349][47.4867421][46.96375128][46.64207688][45.57906143][45.515795][45.29185196][45.01887404][44.79192083][44.75759716][44.61662767][44.77766667][45.01040547][44.79206524][44.61973109][44.5250165][44.77472912][44.95287314][45.10810797][45.39760579][45.81484735][45.79750461][45.67121343][46.19080854][46.45832545][46.51003873][46.50724391][46.61630991][46.68519603][46.46390766][46.13363741][46.48405756][46.91208694][46.9351051][46.75996841][46.52716468][46.49854679][46.31453193][45.9756375][45.69687716][45.76876779][46.61344159][46.80302292][46.73983848][46.57040565][46.4267051][46.34631074][46.57902612][46.5271681][46.43824452][46.33199737][46.35205714][46.36631503][46.55030443][46.88343132][47.11905648][47.28282623][47.40068287][47.4926541][47.81706646][48.02112333][48.11884583][48.25960939][48.04408259][47.97211987][47.49257775][47.6619749][47.5558273][47.63913319][47.79136553][47.86891186][47.72534259][47.96364329][48.3284575][48.51516849][48.30239171][48.75364516][48.88958202][49.03236544][49.27368925][49.47755107][49.38577345][49.81072317][50.23314198][50.25621738][50.18707527][50.11838763][50.02347312][49.98326235][49.99481035][50.18157656][50.35365847][50.30500312][50.34518014][50.52907631][50.37388609][50.39542809][50.46857724][50.48311085][50.52333707][50.92550738][50.97447101][51.03021337][50.78760383][50.93984735][51.02888962][51.39664219][51.55181605][51.78438873][52.11778531][52.18389719][51.89337433][51.7328173][51.7615201][51.79609315][52.12457328][52.48532566][52.68663261][53.02836307][53.06569833][52.68635061][53.20646966][53.43068553][53.46074957][53.30282547][53.36448612][52.95644327][52.99969373][52.53710356][51.98792645][51.22724185][51.1066044][51.23871978][51.65494435][51.59770629][51.7744508][51.89362117][51.79307723][51.58278057][50.78756266][50.47146045][49.61822195][48.963465][49.35034666][48.91952739][48.84697191][48.87432062][48.60716347][48.53249492][48.84836118][48.99484966][48.42028429][48.48903026][48.51802771][48.62987879][48.58119515][48.66740142][48.35395301][47.13581456][46.85749015][46.76263941][47.0599976][47.4838409][47.75070601][47.73082844][47.78823834][47.5153823][47.45227346][47.45916809][47.56987297][47.68497108][48.06261956][48.87720156][49.1903682][49.79052956][50.03783195][49.99465989][49.8754838][49.86829894][49.75918003][49.81081666][49.49753559][48.87122061][48.97194362][49.3222422][49.5147828][49.22194277][49.25936014][49.24216385][49.18354762][48.93455796][48.28821326][48.4003867][48.22201899][47.75633422][47.55854346][47.32885776][47.11892147][46.65936526][46.30001321][46.1727816][45.89515847][45.86363453][46.28439183][46.2096975][45.91803455][46.19972184][46.06755583][46.05893224][45.99545585][45.53329875][45.55329846][45.88636786][45.92690496][46.09925455][45.87208249][45.55890756][45.79445411][46.33169219][46.27447077][47.33099369][47.83139667][47.31699427][47.30259943][47.31447688][47.18212926][46.87076022][46.63343241][46.53004874][46.78008453][46.87493927][46.64503245][46.57605309][46.41788588][46.60735427][46.94477736][47.08169575][47.2540994][47.18233663][46.86467642][46.79164053][47.3716343][47.73384407][47.73099803][48.04674761][49.21581343][49.36275526][49.71315681][49.95158252][49.99468565][49.95440766][49.71457093][49.73040113][49.83109579][49.6755884][49.28799176][49.31658185][48.95486772][49.83914225][50.20723828][49.87418835][50.13836704][50.25619851][50.77576191][50.672649][50.45989414][50.24464193][50.2217327][50.24320361][50.16706155][49.93145067][49.82505739][49.65276697][49.43304496][49.56084409][49.3569465][49.59244815][49.53510684][49.33662331][48.85704795][48.77077078][48.71342635][48.92009188][48.73076364][49.05241206][49.11272376][49.42570508][49.4545217][49.24494096][49.31672886][49.17608114][49.32547775][49.45473622][49.39976961][49.00013549][48.94324993][49.06106625][49.019407][49.00373154][49.74733461][49.60412486][49.35982685][49.21915909][49.26509424][49.42029474][49.81808018][50.0579947][50.13559709][49.9024687][49.74755482][50.00630229][50.18125138][50.59787092][50.99997604][51.25541639][50.98251505][50.68991907][50.11261779][50.4544395][50.63254121][50.96565094][51.2185808][51.72114634][52.16369415][52.52569372][52.55700603][52.56278533][52.74673954][52.66501615][52.45654303][52.54430959][52.33879936][52.37909429][52.1923097][52.36189937][52.24971361][51.91073451][51.58919626][51.67955743][51.46833397][51.5459347][52.0975385][52.33596765][52.48265008][52.52854803][52.04286264][51.22577708][51.48965833][51.33612195][51.56034101][51.76290078][51.94525897][52.22114381][52.73903282][52.79282282][52.60903536][52.74546468][53.07407283][53.05690399][53.28400369][53.54216072][53.51358212][53.22356696][53.36459281][53.94467925][54.31267317][54.14276402][53.77223181][53.70071244][53.95036012][54.27784615][55.1111387][55.83213255][55.94983698][55.73723287][55.64878283][55.12824943][54.96754484][54.93300379][54.95016352][55.13123648][54.70869579][54.16587716][54.08568246][54.36975046][54.22336861][54.39298604][54.0103526][53.25514527][53.20372114][53.48221779][53.53398654][54.45028413][54.69139956][54.79808815][54.95890408][55.17728004][55.5793248][55.60539494][55.70853495][55.98708913][55.49896501][55.30648788][54.92706089][54.4677032][54.59120013][54.96284077][54.70041022][55.43561456][56.28896742][56.340721][56.116808][56.16545076][56.50442443][56.60806806][56.74010165][57.14797375][57.09328198][56.38067377][55.50204701][55.50462334][55.95286467][56.3724017][56.30056889][56.24866281][55.8290917][55.58508664][55.82087426][55.64246535][55.83507953][55.87827072][55.84668012][55.74610702][55.67728811][55.72534942][55.8003698][56.18254891][55.48134222][54.43003898][54.26915934][53.89006982][53.28097916][52.19785387][52.07446425][52.4911327][52.71225114][52.56863669][52.86750827][53.13755378][53.43055026][53.58992769][55.08962674][54.22068905][54.58829347][54.55385511][54.75794661][54.68564527][54.70315165][55.00204066][55.32674386][55.17417314][55.08962674][55.01348796][55.37548128][55.44734668][54.99336527][54.86132312][55.15191497][54.86101593][54.56243782][55.13826837][55.38977316][54.95588498][54.95175411][54.91585383][54.6486452][54.48211094][54.30380787][54.19184295][54.10287589][54.31234168][54.42146661][54.35834632][54.59688704][54.84106315][54.85518748][55.42698638][55.70239792][55.74867048][55.96250028][56.49963485][56.14225089][55.54784431][56.26614054][56.64802746][57.01017174][57.40185157][57.28555291][57.5872966][58.18763123][58.09892871][60.31217566][58.99788074][59.56110919][59.65311873][59.62124038][60.31217566][59.45747978][59.28543796][59.39162648][59.31404379][58.53536003][58.09281307][57.57318111][58.11306023][58.59155888][58.48684344][58.50676249][58.79412782][58.46361586][58.12189113][58.08451382][58.57848666][59.02367229][59.37725448][59.56989378][59.61859829][59.06395711][59.54959637][59.83948054][59.92829025][59.87120498][59.86246326][59.58963005][59.31365998][59.6161265][60.55506405][60.9514007][60.89140875][61.08660692][61.7069253][62.51989866][63.17772189][62.94505936][62.15342662][61.78191416][61.59767304][61.65749286][61.99982224][62.50573858][62.518948][62.39377018][62.7925605][62.93942258][63.52844717][63.8187535][64.16912498][64.22363429][64.65461062][64.80680351][64.74674805][64.71367428][64.58752458][64.0213082][63.90705527][63.53692719][63.37623769][63.13185162][63.05457672][61.69734116][59.91100209][59.98035248][59.81382391][59.34272087][59.0469227][59.08248319][59.83021652][59.80809039][59.64165797][59.98353801][60.24186392][59.85093867][59.13279859][58.83142794][58.29087013][57.84178132][58.13565796][58.42339111][57.4089394][56.76153352][56.8690235][56.70534152][57.17643948][57.11061956][57.45222251][57.45518406][58.37695065][58.65584562][58.83134472][59.0641516][58.94023594][58.25038136][57.21086062][57.33145778][57.84014894][57.90893752][57.74548147][57.80589792][58.32918911][58.12742359][57.62774785][57.37215301][57.66216306][57.4639147][57.44099969][57.7827413][57.46691537][57.3200296][57.84569629][57.88588899][57.55895727][58.21671299][58.940248][59.08717035][58.99806548][58.92621176][58.54978494][58.27418584][58.57849294][58.0266943][56.8576548][56.88354879][57.35813521][57.17355309][56.58789504][56.44663808][56.5244759][57.0101217][57.18814276][57.25133768][57.37915541][57.32904846][57.12796917][56.98431008][57.30597537][57.52147355][57.67667405][57.53431929][56.95549314][56.45827932][55.98726209][55.3841386][55.25781797][55.32072318][56.02155026][56.01044073][55.74034918][55.51335704][55.41863702][55.63691891][56.22568412][56.32347437][56.07362592][55.62802041][55.06508398][54.75194651][54.67738894][54.92114663][54.85835497][54.99919377][55.69426363][56.00755153][57.21641888][57.45239352][57.38046371][57.10762311][57.0818075][56.89222272][56.98143948][57.54582898][57.44948426][57.05617466][56.80315583][56.79457344][56.60491027][56.21438121][56.94366892][57.26868498][57.30611436][57.5643336][58.13602461][58.28245374][58.13033597][57.99552188][57.57040059][57.96939799][58.139088][58.23654825][58.59859962][58.72230073][59.11301344][59.46627701][59.36018602][59.6270772][59.68429147][59.00917784][57.07501203][56.15566361][55.59945607][56.36668935][56.56966992][56.11089914][55.28613208][55.03937391][55.07759424][54.68593072][55.49893789][55.73136204][55.28913229][55.34965224][55.61087963][55.57088452][56.05339316][57.10141343][57.19639025][57.18533818][56.74837486][56.51605936][56.79455344][57.43062217][57.48671459][57.54154333][58.02130261][57.98665343][57.91504542][58.46360991][58.33998652][57.85456351][57.9235292][58.16501028][58.57274713][58.82166863][59.18038732][59.65886971][59.85991151][59.61299033][59.8079477][60.10102226][59.96615926][59.53767477][58.95800884][58.99808489][58.78523765][57.96653104][57.97386779][58.12481154][58.11324266][58.150503][58.01837361][56.37191517][55.8838444][56.45276406][56.93539422][57.02129587][56.90350758][57.25410509][57.29674539][56.82054235][57.51841705][57.98673297][57.79699058][57.23853341][57.10496613][57.31747359][57.55280732][57.96098716][57.50380588][56.55029205][57.0186169][57.61931446][57.45829149][57.64739466][57.24807346][56.33481302][56.26306485][57.25681183][58.08147591][58.6644375][58.1905613][57.99541834][58.32581333][59.12141454][59.43047286][59.55035662][59.91169717][59.97489381][59.84504643][59.26529583][59.70327745][59.92435273][59.63561869][59.56088406][59.73631852][59.70175343][59.32543792][59.97445969][59.73333063][60.3511064][59.8622304][58.94710693][59.56707635][59.36277576][59.4544167][59.45748094][59.81313246][61.42975529][62.37875356][62.55308072][63.51957276][63.36444314][63.22366189][63.07431331][63.05429758][63.23793922][62.80672682][61.92208194][61.8678304][61.84801173][62.71510144][62.79304584][63.06592626][63.18808452][63.45374857][63.99102817][63.28906868][62.45371498][62.58614465][62.38514942][62.39392292][62.73715376][63.44216571][63.93632069][64.46482224][64.53978736][64.71496238][64.43057694][64.68334034][65.06822172][65.51362984][65.47034163][64.92875358][65.18598822][65.15915014][65.28950089][65.48178668][65.79507864][66.14274567][66.27208882][66.65971897][66.82928913][66.17401476][65.62575781][65.71169751][66.08043868][66.07068402][66.13989994][66.18294412][65.77785973][66.01641531][66.1198356][66.1972981][65.3431595][63.55972082][63.20671469][63.2356526][63.44803649][64.10262017][63.23217654][63.6749071][64.39980383][64.72649409][65.28920233][65.52760343][64.84433184][65.23491099][65.48198826][65.32410198][65.61983153][65.72054219][65.8210604][65.51608428][64.24622142][63.97379956][64.275522][63.89314116][63.91057287][63.85879752][64.29973759][64.61732169][64.80402442][65.05691738][64.92481172][65.7920038][65.92446521][66.01634065][66.05667928][66.63972441][66.8953098][66.78038069][66.64853476][66.63100438][66.67131615][67.02485085][66.92700478][66.83223699][66.69145477][66.53943328][66.90907952][67.7483976][68.18545497][68.51285746][69.17628527][69.77407757][70.04116725][70.43768297][70.09854566][69.90322483][70.00394121][69.53248662][69.4810914][69.09875319][69.12054486][69.40201909][69.42358051][69.17931199][68.90369029][69.39757017][69.4637784][69.53267682][68.8947798][68.63064831][68.8000109][68.78859733][68.66225322][68.40358438][68.383468][67.9956239][67.28593897][67.21433954][67.38962496][67.46445884][67.64224821][67.17085111][66.15124712][66.26332995][66.92981196][66.82906947][66.58226298][66.56199585][66.28070206][66.42147225][66.01828256][65.27229517][65.15986085][64.78700172][64.72648121][65.20327835][65.93301934][66.08824985][66.11114278][65.09926481][64.65728681][64.6427666][64.73211061][64.49519374][64.8212476][65.41312252][65.41856425][65.84377145][66.55652375][66.57944042][66.51914527][66.3347091][65.66445117][65.24913364][64.88709918][64.17773914][63.46206838][62.96787711][62.80453179][63.03671286][62.70696316][62.45090295][62.45684988][62.96895221][62.96379769][63.31587051][63.74983333][63.71821555][63.58306285][63.10335131][63.40504806][63.71220091][63.9306129][63.70667785][63.85584052][64.77194621][64.52766274][63.20968369][63.35874769][63.53945228][63.46962769][63.65755635][62.3562813][61.34194318][61.02143786][60.26474765][60.31655565][60.3050511][59.97468732][59.83955287][60.07201381][60.23349885][59.89710609][60.48029395][61.42823474][61.80562233][60.85634828][59.65579565][59.83678093][59.93745874][60.41157855][60.93435201][60.94294786][61.49744033][62.28439076][62.99699237][63.17733685][62.44254109][63.11485814][63.49986703][63.57882438][63.51400422][63.54860218][63.78138559][63.53432884][63.31293378][63.51984732][63.62904714][63.37060827][63.47661146][63.6146886][63.52853354][63.3126881][62.9682366][63.30721661][63.61473637][63.60621115][64.08578165][63.97607702][63.51397876][63.41651282][63.35897419][63.23270532][63.152218][63.12923642][63.3677511][63.63485733][64.09292391][63.85296329][63.9163353][64.33280838][64.42761019][64.22099587][64.0426505][64.03684401][64.11019799][64.24963604][63.90196012][63.58605386][63.94834737][64.30141742][64.7522262][65.26220853][65.91297187][66.74880759][66.84088861][66.82363743][66.31778684][66.40387758][66.50492172][66.3919799][66.3036691][65.6743479][65.35246385][65.52229834][65.74637091][65.86710192][66.45562777][66.29503033][66.44137358][66.47583764][66.67400574][67.32916595][67.4008123][67.50728626][67.70258739][67.51317938][67.36376073][67.07936612][67.08210404][66.97606082][67.15401724][67.45278072][67.45289568][67.48136796][67.33511627][67.25467128][67.38955749][67.51888858][67.53188734][67.69989782][67.69697627][67.34371355][67.49865695][67.70280591][67.63095564][67.62220276][67.73692452][67.78602427][67.60213926][67.69122933][67.78027101][67.69415143][68.10775733][67.70842331][67.36656957][67.27184126][67.26042398][67.72271697][68.12784428][68.00201417][67.92670691][68.182264][68.2428872][68.79425364][69.19925566][69.51121123][70.00664196][70.2308953][70.39172437][70.88288691][71.20759726][71.73054802][71.68164986][71.59247572][71.64139421][71.54357928][71.07257321][71.04066026][70.79971916][71.35403971][71.25079505][71.56672192][71.45751404][71.53800367][71.75036295][71.31081874][71.00919981][71.00078121][70.56095133][70.07540706][69.24267681][69.2739714][68.9968274][68.59050304][68.55883924][68.76276798][68.81730897][68.5675532][68.86327329][68.39197775][68.25414543][68.1566592][68.25712675][68.27448036][68.39952356][69.09011047][69.22803709][68.705314][68.78570784][69.70190617][69.99521864][69.94646408][70.29700146][70.12878708][70.36590534][70.29700146][70.51239958][70.47788115][70.66164771][70.50373365][70.39154214][70.26240154][70.56114386][71.06396793][71.2564156][71.39120054][71.66720781][71.85119519][72.18142229][72.42848476][72.63549268][72.89688194][73.02032879][72.83364781][72.75031418][72.7157886][72.86525502][72.84485343][72.69998389][72.99151474][73.28755488][72.93370521][72.06634387][71.85108538][72.12698251][71.86810659][71.38282546][71.19889326][70.91158913][70.2936572][70.28535281][70.45217451][69.99232541][69.8888368][69.7524824][69.91195794][69.7454946][70.43460845][70.78249568][70.68770302][70.95191774][71.32247574][71.86233535][72.20443505][72.5115787][72.14417366][72.14699424][72.13270945][72.56926265][72.81646898][72.90836042][72.85666545][72.69579862][73.0512593][72.94244128][72.99449948][73.1983882][73.20692568][73.10587638][73.01135257][72.89390833][73.56307883][74.18938177][74.01431715][73.73566175][74.40178429][75.42600227][75.80642459][75.24113695][75.13743294][75.08308641][75.29835839][75.25250532][75.22073997][75.30430699][75.5627573][75.65164228][75.89307822][76.06531823][76.07960845][75.5881776][75.26251905][75.20665855][75.29276301][75.51396213][75.21754299][75.27242551][75.00243493][75.14032073][74.96184516][73.9995178][73.45405796][72.95986949][72.87654015][72.51158784][72.31505419][72.55217016][72.74737377][72.04897253][71.42257375][70.7849041][70.38873388][70.54676042][70.40298232][69.50953363][68.92618592][67.86045885][67.50256711][68.01869932][68.01571427][67.75727598][68.10470737][68.47792806][68.34623481][68.87745401][68.90328069][68.03582752][68.03578036][68.33768302][68.18497243][67.65660135][67.36860188][65.50465958][65.09667309][64.2315068][64.70584662][65.04814248][65.49905909][65.51342163][66.24028031][66.99007761][66.81463341][66.3833347][65.90703869][66.75715493][67.28312639][66.72819118][66.12233838][66.01286427][65.8032729][66.09928165][66.08081928][65.37850483][65.41588103][65.63440001][65.89868309][66.12839054][66.51609019][66.92094666][67.39811044][67.53584205][67.31184411][67.24553943][67.37169307][67.1016175][67.05912132][67.94346794][68.37210047][68.46664346][68.41763919][68.16801528][68.28019073][68.51708591][68.5657783][68.38336648][68.0931994][67.67677294][67.26277946][67.11943361][67.78084422][68.35186283][68.71209245][68.3177203][68.31891497][68.28867446][68.52411208][68.63630206][69.13042332][69.75704957][69.92072053][69.28848124][68.92274562][68.89760984][69.00970835][68.76249854][67.89179776][66.59075501][66.74036158][67.06480125][67.11386051][66.74602788][66.56209995][65.9613726][65.3986052][65.24654277][65.50209358][66.18005381][66.57939925][67.00602964][67.35496469][67.57037767][67.82321827][67.21113882][66.63371941][65.76335844][65.01606304][64.47903607][64.48230794][64.15150394][63.75380238][64.03978157][64.63147864][65.05396382][65.44757402][66.3896283][66.79794366][67.15390914][67.35501529][68.21954385][68.89473121][69.19078738][69.3341381][68.86326587][69.33590636][69.87140199][70.22501308][70.70474058][69.9597689][69.06969291][69.96062903][70.10144718][69.92623756][69.90200742][70.01254334][69.84582603][70.11133309][70.01813501][69.52954592][68.72555596][68.87879606][69.99791428][70.63547663][70.07567706][70.35725743][69.90911906][69.81992151][70.38571142][70.65008744][70.57854343][70.33425237][70.17626593][70.5578931][70.26248619][70.38301324][70.97441743][71.33681542][71.68573844][71.57238393][71.04379374][70.71315105][70.56659424][70.73650964][70.7190748][70.48648615][70.81833704][71.14707589][71.16718569][71.41722207][72.00896031][72.46875215][71.95712229][72.40263513][72.3708157][71.88243199][71.8853216][71.79950763][71.88570646][71.73036868][71.24718418][70.32283652][70.65872306][70.39144205][69.7537641][69.18191061][69.08432688][69.97499446][70.22946714][70.69307246][70.38244148][69.85435499][70.76475832][71.79332282][72.1784198][72.19804483][71.52287397][70.42324974][70.44883913][70.8624419][70.96620594][71.04660716][71.87367689][72.32221472][72.62931408][73.89004319][73.49347159][72.84299028][72.68087898][73.35046751][72.7558269][72.32214436][72.18406465][72.41962694][73.07191427][73.80606929][73.30465648][73.77559113][74.70016823][75.03843358][74.92470269][75.01876316][79.94513176][75.78240501][76.33519301][75.40968404][74.54583858][74.57159242][75.00827315][75.08006734][74.90217186][75.79522989][76.31526455][77.0418523][77.23178773][77.46712464][77.6139878][77.86941192][78.12209149][78.24855747][78.54719363][77.49486435][76.15115669][75.80374332][76.11601098][76.14718034][74.47229047][73.01742359][73.56897679][73.91042493][73.65803591][72.95367945][72.15229445][72.1037427][72.09818846][72.59206235][72.7252038][73.21256746][73.47141727][72.86529018][73.66921902][74.19094322][74.62044652][78.12387196][75.07411504][75.30698744][75.95920011][75.85803407][75.44200545][75.63737151][75.67715044][76.92945156][77.37556264][77.39552348][77.46023033][77.36102935][77.34669455][77.86376392][78.18259258][78.46692856][83.31584626][77.81494238][77.75738746][78.0160586][78.39517011][78.84616565][79.44397658][79.25406685][78.75155282][78.48728664][78.99859193][79.22279776][79.51002723][79.1509326][79.21406033][76.0578797][79.69684609][80.17943652][80.81420378][91.7494212][80.91162539][81.31954213][81.27968741][80.76233373][80.77372616][81.32980509][82.5116905][82.7375705][83.06369044][83.06634765][82.27721571][81.31131806][81.14718275][80.83161199][80.72519581][80.70502191][80.94637866][80.9923132][81.07272446][78.67498691][81.33282088][81.50082707][81.81966145][81.41837299][80.93147108][72.23626356][80.66063794][81.02679676][81.17273177][84.21857871][82.6611171][81.8540869][123.19332477][82.60669594][84.89405579][82.20877388][82.68713033][82.27656152]
 Actual Values: 
 [38.4] [38.37] [38.3] [38.66] [38.65] [39.31] [39.24] [38.84] [39.47] [39.82] [39.72] [39.28] [38.7] [39.21] [39.72] [39.65] [39.73] [39.27] [38.87] [38.96] [39.14] [39.6] [39.01] [39.04] [38.7] [38.61] [38.25] [38.05] [37.45] [37.06] [37.83] [38.03] [38.94] [39.5] [39.8] [39.65] [39.57] [39.72] [39.75] [39.57] [39.62] [39.51] [39.53] [39.04] [39.85] [39.89] [39.75] [39.92] [41.0] [41.54] [41.52] [41.59] [41.4] [41.63] [41.96] [40.76] [40.85] [40.95] [40.87] [41.33] [41.14] [41.33] [41.06] [41.58] [41.5] [41.55] [41.13] [41.0] [40.57] [40.55] [41.23] [41.0] [39.88] [39.57] [39.75] [39.49] [39.82] [39.62] [39.49] [39.43] [39.42] [39.46] [39.57] [39.67] [39.83] [39.6] [40.07] [39.97] [39.93] [39.93] [37.78] [37.71] [38.22] [37.7] [37.76] [37.63] [37.8] [38.01] [38.24] [38.43] [38.37] [38.29] [38.75] [39.1] [38.34] [38.38] [38.65] [38.37] [38.57] [38.29] [38.2] [38.59] [38.59] [38.58] [38.0] [38.32] [38.62] [38.83] [38.51] [38.41] [37.86] [37.62] [37.5] [37.3] [37.29] [37.44] [37.88] [37.79] [37.9] [38.01] [38.22] [38.18] [38.43] [38.47] [38.64] [38.63] [38.91] [38.87] [38.74] [38.5] [38.5] [38.02] [37.95] [38.4] [38.26] [38.23] [38.3] [37.72] [37.65] [37.65] [37.79] [37.97] [37.96] [37.8] [37.94] [38.41] [38.51] [38.21] [38.18] [38.4] [38.35] [39.15] [39.59] [39.57] [39.88] [39.57] [39.54] [39.75] [39.96] [39.94] [40.19] [39.98] [39.69] [39.26] [39.02] [39.25] [39.58] [39.5] [40.25] [39.92] [40.86] [40.99] [40.79] [40.89] [41.0] [41.09] [40.99] [41.44] [41.55] [41.9] [41.9] [41.87] [41.85] [41.81] [41.72] [41.5] [41.6] [42.2] [42.32] [42.65] [42.38] [42.05] [42.17] [42.46] [42.53] [41.88] [42.61] [43.31] [43.42] [43.49] [43.32] [43.21] [43.28] [43.0] [43.1] [42.7] [42.63] [42.5] [42.78] [42.6] [42.92] [42.86] [43.05] [43.0] [43.35] [43.15] [43.55] [43.69] [43.52] [43.47] [43.32] [43.87] [43.7] [43.49] [43.55] [43.72] [44.07] [44.12] [44.48] [44.45] [44.43] [43.8] [44.07] [43.97] [44.18] [44.49] [44.59] [44.19] [44.32] [44.41] [44.31] [44.36] [44.15] [44.62] [44.66] [45.02] [45.11] [45.02] [44.7] [44.52] [44.1] [43.99] [44.19] [44.57] [44.64] [44.06] [43.53] [42.25] [42.07] [41.91] [41.78] [41.14] [41.37] [41.09] [41.0] [41.69] [41.45] [41.27] [41.07] [40.98] [41.48] [41.47] [41.85] [42.37] [42.65] [42.36] [42.34] [43.23] [43.36] [43.31] [43.41] [43.48] [43.47] [42.86] [42.89] [43.5] [44.04] [43.6] [43.1] [43.41] [43.28] [42.7] [42.41] [42.12] [43.17] [43.65] [43.64] [43.43] [43.27] [43.1] [43.25] [43.34] [43.24] [43.11] [43.16] [43.01] [43.23] [43.37] [43.91] [44.23] [44.28] [44.51] [44.52] [45.0] [45.08] [45.48] [45.16] [45.05] [44.34] [44.76] [44.55] [44.57] [44.73] [44.87] [44.76] [44.84] [45.2] [45.63] [45.43] [45.56] [46.25] [46.13] [46.36] [46.62] [46.62] [46.62] [47.54] [47.68] [47.64] [47.59] [47.38] [47.39000000000001] [47.3] [47.52000000000001] [47.440000000000005] [47.72] [47.77] [47.85] [47.9] [47.69] [48.0] [47.77] [47.74] [48.17] [48.550000000000004] [48.62] [48.42] [48.150000000000006] [48.3] [48.65] [49.33] [49.07] [49.70000000000001] [49.84] [49.82] [49.18] [49.42] [49.47] [49.61] [49.95] [50.330000000000005] [50.76] [50.99999999999999] [50.19] [50.730000000000004] [51.27] [51.48] [51.23] [51.39000000000001] [50.99000000000001] [50.550000000000004] [50.42] [50.10000000000001] [48.78] [48.67] [48.74] [48.86000000000001] [49.32] [49.15] [49.59] [49.47] [49.3] [48.18] [47.96] [47.14] [46.15999999999999] [46.38] [45.970000000000006] [45.79999999999999] [46.02] [45.87] [45.64] [45.75000000000001] [46.36] [45.56] [45.73] [45.23] [45.79999999999999] [45.75000000000001] [45.61] [45.81] [44.55] [43.5] [43.46] [43.83] [44.19] [44.71] [44.53] [44.98] [44.35] [44.3] [44.52] [44.3] [44.75] [44.61] [45.82] [46.27] [46.45] [47.58] [47.56] [47.16] [47.23] [47.06] [47.11] [47.02] [46.08] [45.74] [46.18] [46.88] [46.550000000000004] [46.48] [46.44] [46.5] [46.38] [45.18] [45.52000000000001] [45.440000000000005] [44.87] [44.71] [44.2] [44.15] [43.63] [43.23] [42.66] [42.77] [42.4] [42.81] [43.2] [42.28] [42.84] [42.86] [42.71] [43.03] [42.16] [42.19] [42.38] [42.64] [42.8] [42.81] [42.33] [42.1] [43.22] [42.86] [43.05] [44.92] [44.56] [43.82] [44.33] [44.3] [43.74] [43.35] [43.23] [43.52] [43.62] [43.6] [43.39] [43.08] [43.03] [43.53] [43.76] [44.07] [44.17] [43.86] [43.55] [43.73] [44.62] [44.84] [44.71] [46.0] [46.52] [46.68000000000001] [47.23] [47.38] [47.42] [47.16] [47.0] [47.21] [47.19] [46.25] [46.75] [46.09] [46.81999999999999] [47.76] [47.17000000000001] [47.41] [47.46] [48.239999999999995] [48.2] [48.09] [47.61] [47.54] [47.695] [47.620000000000005] [47.42] [47.08] [47.21] [46.44] [46.730000000000004] [46.72] [46.54] [46.93] [46.84] [46.25] [45.83] [45.89] [46.05] [46.0] [45.92] [46.2] [46.45] [46.949999999999996] [46.35] [46.68999999999999] [46.36] [46.58] [46.769999999999996] [46.98] [46.25] [46.14] [46.12] [46.330000000000005] [46.2] [46.59000000000001] [47.040000000000006] [46.7] [46.50999999999999] [46.45] [46.68000000000001] [46.93] [47.349999999999994] [47.45] [47.46] [46.81000000000001] [47.25] [47.33] [47.68] [47.95] [48.93] [48.57] [48.34] [47.43] [47.75000000000001] [47.92999999999999] [48.19] [48.54] [48.81000000000001] [49.56] [50.15999999999999] [50.25] [50.08] [50.37] [50.6] [50.18] [50.28999999999999] [50.22] [49.91] [49.970000000000006] [50.10000000000001] [50.10999999999999] [49.77] [49.08] [49.32] [49.31] [48.63] [49.55] [49.9] [50.21] [50.41] [50.17] [48.83] [48.949999999999996] [48.86000000000001] [48.85] [49.43] [49.28] [49.82] [50.18] [50.769999999999996] [50.37] [50.5] [50.78] [50.9] [50.78] [51.43] [51.6] [51.11] [51.260000000000005] [51.32] [52.27] [52.35] [51.57999999999999] [51.65] [51.75000000000001] [52.059999999999995] [53.09] [53.6] [54.45] [53.99] [53.99] [53.64] [52.8] [53.23] [52.47] [53.49] [53.07] [52.49] [51.97999999999999] [52.23] [52.37] [52.13] [52.59000000000001] [51.1] [51.06] [51.17000000000001] [51.440000000000005] [52.13] [52.66] [53.06] [52.769999999999996] [53.2] [53.54] [53.74] [53.54] [54.5] [53.92] [53.48] [53.39999999999999] [52.46000000000001] [52.52] [52.74] [52.81999999999999] [52.92] [54.26] [54.9] [54.53] [54.25] [54.54] [55.129999999999995] [54.98] [55.43] [55.83] [55.11] [53.81] [53.54] [53.84] [54.79] [54.5] [54.75] [54.39] [53.57999999999999] [54.04] [54.15999999999999] [53.73] [54.32] [54.239999999999995] [54.059999999999995] [53.96] [54.25] [53.14] [54.8] [54.10999999999999] [52.76] [52.0] [52.2] [51.28] [50.3] [49.49] [49.85] [50.52] [50.10999999999999] [50.53] [50.78] [51.16] [51.440000000000005] [53.09] [52.13] [52.46000000000001] [52.7] [52.85] [53.02] [52.3] [52.949999999999996] [53.39000000000001] [53.66] [53.09] [53.3] [53.24] [53.83] [53.25] [53.02] [53.02] [53.32] [52.52] [52.730000000000004] [53.82] [53.32] [52.86000000000001] [53.13] [52.9] [52.67] [52.49] [52.10000000000001] [52.04] [52.3] [52.34] [52.37] [52.38] [53.05] [52.68999999999999] [52.89] [54.12] [53.88000000000001] [53.85] [54.550000000000004] [54.34] [53.57000000000001] [54.67] [54.59000000000001] [55.41] [55.56] [56.04] [55.529999999999994] [56.61] [56.9] [58.58] [57.01] [58.59000000000001] [58.41] [58.67] [58.58] [58.55] [57.91] [58.01] [58.3] [57.45] [56.86999999999999] [56.18] [56.05] [57.32] [57.2] [57.09] [57.66] [57.42] [56.949999999999996] [56.74] [56.81999999999999] [57.31] [57.99] [58.44] [58.52] [57.75000000000001] [57.94] [58.28999999999999] [59.01] [58.49] [58.55] [58.63999999999999] [58.08] [57.92999999999999] [59.03] [60.01] [59.87] [60.26] [60.25] [61.46] [62.0] [62.8] [61.82] [60.88] [61.1] [60.419999999999995] [60.71] [61.63] [62.03] [61.88000000000001] [62.04] [61.709999999999994] [62.8] [63.19] [64.0] [63.38] [64.56] [64.37999999999998] [64.41999999999999] [64.41] [64.28] [63.36] [63.59] [62.81000000000001] [62.92] [62.75] [62.56] [61.79999999999999] [59.09] [58.26] [59.07] [58.28000000000001] [57.81] [57.54] [58.05] [58.92] [58.330000000000005] [58.769999999999996] [58.99000000000001] [59.18] [58.22] [57.529999999999994] [57.39000000000001] [56.08] [56.45] [56.99999999999999] [56.52] [55.1] [55.06] [55.27] [55.040000000000006] [55.85] [55.5] [55.88000000000001] [55.92999999999999] [57.39000000000001] [57.32] [57.709999999999994] [57.85] [57.32] [55.79999999999999] [55.39999999999999] [56.07] [56.47] [56.22] [56.32] [56.63999999999999] [57.01] [56.39] [56.05] [55.96] [56.21] [55.78] [56.22] [56.18] [55.620000000000005] [55.85] [56.67] [56.18] [56.84] [57.15] [58.07] [57.39000000000001] [57.51] [57.54] [56.85] [57.040000000000006] [57.129999999999995] [55.48] [55.24] [55.79999999999999] [55.63] [55.08] [55.05] [54.56] [55.32] [55.36] [55.6] [55.76] [55.91] [55.61] [55.6] [55.49] [56.01] [56.239999999999995] [56.07] [55.63] [55.1] [54.150000000000006] [53.77] [53.51] [53.39999999999999] [54.52] [54.36] [54.08] [53.79999999999999] [53.55] [53.67] [54.10999999999999] [54.86000000000001] [54.58] [54.21] [53.37] [52.98] [52.59000000000001] [52.93] [52.949999999999996] [52.99999999999999] [53.52000000000001] [54.09] [54.8] [55.79999999999999] [56.10000000000001] [55.45] [55.67] [55.39000000000001] [55.2] [55.72] [56.10999999999999] [55.57999999999999] [55.5] [55.15] [55.33] [54.50999999999999] [54.66] [55.64] [55.75000000000001] [55.66] [56.79] [56.78] [57.03] [56.59000000000001] [56.03] [56.150000000000006] [56.81000000000001] [56.7] [56.85] [57.33] [57.57000000000001] [58.19] [58.2] [58.01] [58.419999999999995] [57.970000000000006] [55.29] [55.02] [53.529999999999994] [54.58] [54.85] [54.550000000000004] [53.74] [53.38] [53.05] [52.96] [53.23] [54.36] [53.41] [53.29] [53.87] [53.78] [53.97999999999999] [54.67] [55.5] [55.73] [55.38] [54.81000000000001] [54.85] [55.59] [55.94] [55.99] [56.35] [56.92] [56.730000000000004] [56.67] [57.23] [56.76] [56.01] [56.9] [56.8] [57.46] [57.67] [58.35] [58.99999999999999] [58.46000000000001] [58.50999999999999] [58.96] [58.50999999999999] [58.97] [57.73] [57.87] [57.79] [56.78] [56.44] [56.65] [56.71] [56.769999999999996] [56.71] [55.2] [53.74] [54.48] [55.15] [55.38] [55.38] [55.05] [56.059999999999995] [55.09] [55.59] [56.54] [56.57] [55.69] [55.57999999999999] [55.66] [55.95] [56.36] [56.45] [55.040000000000006] [54.96] [56.23] [56.12] [55.72] [56.28000000000001] [54.65] [54.56] [55.1] [56.19] [56.97] [57.21] [56.61] [56.7] [57.34] [58.14] [58.15999999999999] [58.8] [58.94] [58.81999999999999] [57.82] [58.25] [58.43] [58.47] [58.35] [58.38] [58.89] [58.23] [58.28000000000001] [58.36] [58.99999999999999] [59.21] [57.38] [58.46000000000001] [58.54] [58.0] [58.19] [57.129999999999995] [60.0] [60.99999999999999] [61.66] [62.38] [63.15] [62.17] [62.23] [62.4] [62.059999999999995] [62.53] [61.31] [60.92] [61.12] [61.29] [62.43] [62.01] [62.47] [62.78] [63.17000000000001] [63.28] [61.47] [62.07] [61.51] [61.78] [61.46] [62.41] [63.24] [63.68] [64.3] [64.56] [63.89] [64.26] [64.33] [65.2] [65.64] [64.39] [65.01] [64.63999999999999] [65.02] [65.39] [65.14] [66.05999999999999] [66.01] [66.1] [67.07] [66.54] [65.33] [65.47] [65.87] [66.05] [65.75] [66.4] [65.61] [65.78] [65.82] [66.36999999999999] [65.86] [63.6] [62.5] [62.68] [62.92] [62.99999999999999] [61.85] [62.730000000000004] [63.6] [64.32] [64.37999999999998] [65.19] [64.59] [64.62] [65.54] [65.05] [65.12] [65.57] [65.43] [65.87] [64.03] [63.18] [64.05] [63.79999999999999] [63.25] [63.29] [63.33] [64.26] [64.22] [64.73999999999998] [64.68999999999998] [65.2] [65.93] [65.95] [65.75] [66.21] [66.88] [66.92] [66.55] [66.91] [66.36999999999999] [67.03] [67.11] [66.93] [66.89999999999999] [66.61] [65.92] [67.17] [68.27] [68.9] [68.82] [70.46] [70.29] [70.81] [70.96] [70.02] [70.43] [70.25] [69.92] [69.46] [69.44] [69.73] [70.0] [69.8] [69.18] [69.47] [70.08] [70.24] [69.54] [68.97] [68.84] [68.87] [68.95] [68.84] [68.57] [68.48] [67.44] [67.19] [67.47] [67.6] [67.94] [67.71] [66.36] [65.75] [66.36999999999999] [67.11] [66.56] [66.63999999999999] [66.12] [66.41] [66.41999999999999] [64.87] [65.21] [64.55] [64.41] [64.57] [65.51] [65.97] [65.89] [65.51] [63.68] [64.52] [64.76] [63.94] [64.15999999999998] [64.99999999999999] [65.23] [64.94999999999999] [66.51] [66.44] [66.66] [66.66] [65.65] [65.42] [64.8] [64.04] [63.47] [62.19] [62.07] [62.7] [61.97] [61.97999999999999] [61.43] [61.86] [62.25] [62.5] [63.27] [63.38] [63.21999999999999] [62.59000000000001] [62.76] [62.81999999999999] [63.349999999999994] [63.31] [63.23] [63.59] [64.55] [62.74] [62.47] [63.25] [62.63] [62.89] [62.01] [60.99999999999999] [59.76] [59.59] [58.97] [59.46] [58.8] [58.84] [58.62] [59.32] [58.63999999999999] [59.07] [60.0] [60.63] [60.5] [58.81999999999999] [58.63] [58.43] [59.39000000000001] [59.73] [59.81] [60.3] [60.98] [62.01] [63.02] [61.32] [62.26] [63.11] [62.96] [63.1] [62.8] [63.529999999999994] [62.97] [63.09] [62.66] [63.32] [63.01] [62.910000000000004] [63.03] [62.9] [62.96] [62.58] [62.21] [62.96] [63.09] [63.45] [63.529999999999994] [63.19] [62.9] [62.910000000000004] [62.63999999999999] [62.68] [62.5] [62.78] [63.11] [63.15] [63.57999999999999] [63.11] [63.78] [64.25] [63.82] [63.32] [63.68] [63.349999999999994] [63.97] [63.64] [62.93] [63.39] [63.79999999999999] [63.97999999999999] [64.67] [65.55] [66.19] [67.06] [66.7] [66.2] [65.9] [66.57] [66.36999999999999] [66.25] [65.77] [65.21] [65.3] [65.41] [65.77] [65.86] [66.47] [66.15999999999998] [66.62] [66.1] [67.34] [67.35] [67.39] [67.94] [67.47999999999999] [67.59] [67.16] [67.08] [67.02] [67.16] [67.28] [67.62] [67.79999999999998] [67.47] [67.39] [67.15] [67.79999999999998] [67.67] [67.77] [67.99] [67.54] [67.28] [67.82] [67.74] [67.78999999999999] [67.44] [68.1] [68.03] [67.67] [68.0] [67.71] [68.22] [67.99] [67.63] [67.35] [67.23] [67.59] [68.08] [68.43] [68.01] [68.35] [68.3] [68.68] [69.43] [69.74] [70.17] [70.8] [70.77] [71.26] [71.65] [72.51] [72.64] [72.62] [72.26] [72.65] [71.71] [71.86] [71.33] [72.23] [71.93] [72.32] [72.42] [72.1] [72.6] [72.2] [71.75] [71.29] [71.5] [70.91] [69.82] [69.77] [69.69] [69.05] [68.69] [69.01] [69.4] [69.0] [69.4] [68.9] [68.74] [68.24] [68.63] [68.45] [68.77] [68.74] [70.0] [69.22] [68.69] [69.37] [70.62] [70.45] [70.98] [70.37] [70.75] [70.98] [70.88] [70.8] [71.61] [70.85] [71.34] [70.59] [70.77] [71.52] [71.99] [71.93] [72.23] [72.64] [72.76] [73.28] [73.71] [73.75] [74.16] [73.96] [73.87] [73.84] [73.66] [74.24] [73.47] [73.73] [74.18] [74.49] [73.14] [72.44] [73.07] [73.0] [72.33] [72.15] [71.68] [70.9] [70.63] [71.05] [70.73] [70.2] [70.25] [70.46] [70.35] [70.34] [71.48] [71.21] [71.55] [71.7] [72.41] [72.81] [73.55] [72.97] [72.84] [73.09] [73.14] [73.71] [73.97] [73.8] [73.83] [73.84] [73.59] [73.86] [74.02] [74.42] [74.05] [73.66] [74.07] [73.9] [75.1] [74.86] [74.98] [74.77] [75.93] [77.57] [76.57] [76.49] [76.5] [76.49] [76.68] [76.59] [76.72] [76.95] [76.88] [77.03] [77.78] [77.58] [77.47] [76.51] [76.65] [76.43] [76.8] [76.8] [76.65] [76.28] [76.33] [76.74] [75.54] [74.54] [74.12] [74.0] [73.75] [73.21] [73.43] [73.87] [73.18] [72.21] [71.68] [71.12] [70.83] [71.3] [70.31] [69.59] [68.47] [67.75] [68.18] [68.58] [68.09] [68.37] [68.35] [68.76] [68.47] [69.58] [68.52] [67.97] [68.46] [68.74] [67.74] [67.82] [65.45] [64.92] [63.59] [63.54] [64.67999999999999] [64.81] [65.16] [65.43] [66.62] [67.01] [66.5] [65.74] [65.72] [67.69] [67.04] [66.24] [65.65] [65.74] [65.09] [66.35] [65.35] [65.04] [65.35] [65.74] [66.01] [66.23] [66.59] [67.09] [67.69] [67.21] [67.45] [67.03] [67.43] [66.82] [67.31] [68.63] [68.71] [68.79] [68.26] [68.41] [68.59] [68.94] [68.4] [68.62] [67.79999999999998] [67.79999999999998] [66.92] [67.47999999999999] [68.24] [69.0] [68.63] [68.69] [68.57] [68.51] [68.71] [69.16] [69.5] [70.81] [69.97] [69.3] [69.08] [69.24] [69.34] [68.55] [66.75] [66.47] [67.15] [67.31999999999998] [66.65] [66.88] [66.17] [65.38] [64.99999999999999] [65.12] [65.61] [66.2] [66.84] [67.15] [67.21] [67.92] [67.69] [66.99] [65.78999999999999] [65.29] [63.75000000000001] [64.15999999999998] [64.29] [62.75] [63.70000000000001] [63.76] [64.48] [65.02] [65.55] [66.86] [66.86] [67.5] [67.57] [69.0] [69.25] [69.92] [69.1] [69.42] [69.98] [70.37] [71.04] [71.42] [68.64] [70.07] [70.88] [70.51] [70.54] [70.73] [70.46] [70.46] [70.64] [70.34] [69.14] [68.75] [69.78] [71.06] [70.87] [70.77] [70.63] [70.07] [70.55] [71.17] [71.3] [70.93] [70.5] [71.18] [70.79] [70.88] [71.14] [71.77] [72.34] [72.53] [71.83] [71.8] [70.7] [71.28] [71.5] [71.08] [71.27] [71.78] [71.92] [72.03] [72.33] [73.49] [72.72] [73.21] [73.41] [72.73] [72.49] [72.77] [72.77] [72.62] [72.57] [70.8] [71.06] [71.16] [70.6] [69.99] [68.94] [69.96] [70.77] [71.09] [71.27] [70.04] [70.56] [72.08] [72.93] [72.94] [72.89] [71.13] [70.82] [71.0] [71.54] [71.75] [71.74] [73.31] [73.48] [73.81] [75.0] [74.46] [72.8] [74.37] [73.98] [73.45] [73.26] [72.92] [73.6] [74.78] [74.53] [74.21] [75.08] [76.29] [76.12] [75.74] [77.48] [76.92] [77.64] [77.39] [75.8] [75.66] [76.05] [76.61] [76.22] [76.51] [77.2] [78.66] [79.04] [78.78] [79.41] [79.36] [80.14] [79.56] [80.57] [80.21] [77.66] [77.43] [77.08] [77.6] [76.68] [73.65] [74.22] [75.04] [74.78] [74.61] [72.94] [72.32] [72.94] [72.92] [73.74] [73.54] [74.76] [74.03] [73.81] [74.99] [75.75] [76.38] [76.23] [76.25] [77.1] [77.37] [76.76] [77.12] [76.61] [77.27] [79.12] [78.63] [79.37] [78.82] [78.54] [79.14] [79.8] [80.2] [80.08] [79.79] [79.65] [79.48] [79.83] [80.2] [81.27] [81.59] [80.96] [80.1] [80.7] [81.11] [81.75] [81.31] [81.14] [81.6] [81.69] [82.11] [82.99] [83.0] [83.15] [83.2] [83.8] [83.34] [82.93] [82.89] [84.58] [85.26] [85.37] [86.03] [85.22] [83.6] [83.9] [83.22] [83.04] [83.26] [82.82] [83.38] [83.08] [83.9] [83.4] [83.53] [84.15] [84.05] [83.1] [83.03] [82.93] [83.0] [83.68] [83.52] [85.47] [84.44] [84.06] [85.21] [84.83] [84.86] [85.54] [84.97] [84.42] 
 ---------