Company Name: AES Corp 
Ticker Symbol: AES 
sentiment1: Merger Activity Gives Wall Street a Boost 
 published on: 2017-01-14 
---sentiment2: Merger Activity Gives Wall Street a Boost 
 Solar Energy Faces Tests On Greenness 
 published on 2018-05-21 
---sentiment3: Exelon to Buy Constellation Energy for $7.9 Billion 
 Batteries at a Wind Farm Help Control Output 
 published on 2011-10-29 
---sentiment4: Morning Take-Out 
 A Big Test for Big Batteries 
 published on 2011-04-20 
---
Current Value: 16.579999999999995 
Prediction: Decrease 
Perecent_correct: 0.618421052631579 
Predicted Values: 
 [11.07986578][11.2451092][11.09439087][11.26810885][11.49388446][11.48908799][11.77721515][11.94236988][11.71302196][11.7785587][12.16171372][12.27311087][12.06335319][11.6493174][11.93914377][12.20761079][12.64614416][12.56426909][12.71834375][12.32513092][12.2467657][12.41717491][12.36472502][12.43678389][12.41044637][12.26967499][12.3778554][12.2239127][12.06010748][11.82783878][11.80160786][12.14202457][12.3483225][12.71013951][12.76571397][12.76390649][12.78370142][12.76733641][12.69863582][12.46743817][12.44008673][12.43012873][12.45621636][12.26477871][12.35472351][12.28927119][12.24511256][12.36022144][12.31231696][12.42042828][12.52516002][12.54480312][12.51843577][12.53169492][12.5349159][12.7673782][12.7394754][12.88528123][12.94080796][13.04569404][13.32391098][13.31736329][13.30412545][13.23556898][13.48435023][13.47443401][13.5334495][13.64477584][13.66750006][13.47437176][13.61859949][13.71002434][13.5300281][13.38611675][13.46460479][13.58250099][13.64472041][13.70018572][13.48423937][13.47777864][13.56290053][13.65448312][13.52687451][13.81151033][14.00161894][14.11767357][14.31583203][14.40408451][14.38130229][14.43367371][14.48258447][14.43034526][14.3779278][14.26316216][14.18159387][14.19129515][14.16186973][14.04405283][13.7950558][13.64797634][13.83126433][13.8934121][13.8935281][13.98840757][13.87350033][13.75931207][13.83126007][13.80505476][13.74296498][13.77232049][13.59547872][13.58902141][13.72330822][13.79533469][13.74607253][13.62509861][13.73963144][13.68234583][13.81828065][13.7854773][13.67730798][13.44834808][13.34653969][13.23536686][13.24864818][13.18622325][13.13887946][13.13381749][12.98658561][12.86550168][12.88690879][12.75425978][12.80665249][12.89178973][13.01618928][13.12418977][13.14062812][13.19953187][13.07823132][12.94405794][13.16940537][12.73461494][12.65284709][12.64955617][13.00958955][13.05862656][12.92444979][12.8819059][12.91775794][12.75251538][12.70505987][12.8034733][13.03744801][12.9277245][12.97696789][13.12755231][13.23881726][13.09784799][12.87851607][12.54799767][12.50711801][12.60376231][12.97699089][13.17634881][13.11773587][13.18282659][12.97691928][12.98342006][13.19301145][13.2846222][13.23879082][13.32063457][13.24187107][13.03216027][12.81311662][12.643017][12.80994851][13.0423929][13.18320183][13.4810363][13.50050629][13.41888427][13.45485912][13.43851629][13.42198073][13.36965197][13.37302133][13.28457529][13.33701492][13.32059961][13.35657873][13.2911102][13.43847365][13.42533645][13.2385921][12.95044616][12.71136536][12.67400687][12.6691541][12.77388411][12.75098506][12.75906138][12.69544811][12.92122455][12.58375162][12.31873331][12.32876722][12.40732264][12.43022937][12.47446135][12.49552222][12.37123862][12.44656707][12.41048818][12.33531068][12.31886295][12.29931706][12.22048447][12.14543062][12.21091536][12.16331742][12.17161889][12.11589603][12.09954211][12.02094065][11.97191303][12.04720652][12.0733854][12.11923895][12.15199113][12.08627527][12.09965041][12.21091962][12.16819323][11.99790258][11.85401766][11.83120644][11.85074381][11.91293846][11.88165947][11.69022183][11.64118056][11.61511936][11.62142059][11.54963805][11.60852903][11.68381996][11.68045229][11.55612692][11.5004791][11.43164973][11.42514465][11.38256155][11.36637224][11.58240727][11.71335968][11.83112371][11.76562022][11.56914556][11.40887177][11.34642806][11.20906953][11.13387155][11.19925991][11.28430586][11.31722863][11.22204895][11.16983019][11.13983076][10.81965163][10.77363775][10.65265956][10.55265012][10.4759116][10.50194719][10.54140144][10.7115258][10.63465338][10.6592192][10.82286835][10.86544889][10.92427334][10.99647463][11.11752533][11.26489899][11.36944226][11.35650632][11.49726834][11.55938968][11.56103769][11.47424904][11.44479289][11.42523677][11.42854901][11.42523677][11.53003416][11.6675283][11.6902713][11.67079449][11.61179009][11.52993695][11.49065839][11.39241125][11.24348336][11.32051782][11.64132298][11.64778711][11.81154625][11.83400866][11.53324405][11.56600732][11.71662756][11.78205857][11.76886764][11.68058193][11.63800223][11.7362178][11.79192192][11.91957401][11.92931371][11.86701669][11.78856704][11.6640276][11.47422687][11.51035863][11.56266865][11.70348098][11.70662265][11.67400608][11.70024721][11.76898363][11.77385092][11.82465532][11.95231596][12.02099608][11.96198742][11.87369063][11.96544377][12.0439412][11.91929685][11.85740323][11.82752663][11.62492046][12.16014585][12.34827559][12.46304207][12.65283771][12.7968804][12.9965513][12.99326211][13.01371559][13.08826266][13.19131483][13.26170778][13.28124941][13.18308927][13.08158533][13.10785633][13.27156174][13.2189396][13.10289353][13.08475088][13.07178254][13.11445946][13.22243265][13.20273324][13.17332486][13.15689504][13.17984355][13.10122844][13.1733726][13.30423888][13.47120791][13.55961047][13.65460933][13.61809291][13.4745227][13.37617153][13.28461111][13.3960048][13.56939535][13.74621665][13.86078701][14.06368568][14.13569767][14.25359644][14.44673839][14.4826655][14.47292327][14.518654][14.45003188][14.5384421][14.55472267][14.22361835][13.83793228][13.79184421][13.77231706][13.79190134][13.60856048][13.58911267][13.60866539][13.62508326][13.66076983][13.50886233][13.39907826][13.28432796][13.0194606][13.09776865][12.97340746][12.94083493][12.96704058][12.82292198][12.86891026][13.12092954][13.08142756][12.93107338][12.97998418][12.96714205][13.06521181][13.02583773][12.89498597][12.64257607][12.25647893][12.19118013][12.1190962][12.30907207][12.52844238][12.65929501][12.67568218][12.688671][12.56591686][12.48581577][12.53170005][12.59059698][12.68881512][12.82965644][13.13408808][13.21264264][13.42544049][13.46787437][13.46783429][13.40899448][13.45484547][13.42525032][13.38937951][13.2581849][13.07187636][13.09152885][13.11103892][13.07833622][13.1012327][13.26828107][13.31081899][13.35995235][13.3959238][13.44508702][13.76243237][13.80496007][13.71511165][13.69372415][13.63487496][13.51696681][13.37620735][13.21250704][13.28629408][13.30094455][13.45814575][13.57595586][13.61193241][13.44980932][13.46795367][13.4989265][13.42365774][13.47103479][13.34021203][13.3141261][13.69695871][13.86408729][14.13254321][14.15201406][14.06694421][13.98505269][14.05653172][14.01127165][14.18519174][14.30585272][14.14212854][14.08993194][14.17173308][14.19131393][14.20777019][14.171664][13.99489813][14.011345][13.9949783][13.9262001][13.99824275][13.94585004][14.04061691][13.92941852][14.09979956][14.2798137][14.37150546][14.31558644][14.33709845][14.61365539][14.81989193][14.86731845][14.94099293][14.83277584][14.72166101][14.85925492][14.9606949][14.99004785][14.96051153][14.80996293][14.69213664][14.73479821][14.64307576][14.64644768][14.66223612][14.67597202][15.04262221][15.37318922][15.59911491][15.79545484][15.84131948][15.77224961][15.49728521][15.32387592][15.30105618][15.25199017][15.2453461][15.09811143][15.11124437][15.16363452][15.18149659][15.32742862][15.8182839][15.69020883][15.60881793][15.53326945][15.24499423][15.05871006][14.6591917][14.33855113][14.57761915][14.61035258][14.78720458][14.77730883][14.90830045][15.02284863][15.05890365][15.1275326][15.12427666][15.09162087][15.10801657][15.05211715][14.88530333][14.98192206][15.18646618][15.08810991][15.05888574][15.17992362][15.01287442][14.99348203][15.01130999][14.92794955][14.97370076][15.08502284][15.10140062][14.92125174][14.60678876][14.32228255][14.47956135][14.45314709][14.5220771][14.59409758][14.60998839][14.44346711][14.45000202][14.54825172][14.66608483][14.67261122][14.89844049][14.94104497][15.03924516][15.16371726][15.38288798][15.23206987][15.1536944][15.24869499][15.12566199][14.92136943][14.84599064][14.59869879][14.38766152][14.41074477][14.59398245][14.61374242][14.66925208][14.64646816][14.58081286][14.39415464][14.3617018][14.48925414][14.47937714][14.53183555][14.63005368][14.61673398][14.54498383][14.67566503][14.55958057][14.5580349][14.52343173][14.56135905][14.84289248][14.98022288][14.94757561][14.95399879][14.92458359][15.04558477][14.91796595][14.95738776][15.00310914][15.04246444][14.94079251][14.91158199][14.97045505][15.009743][14.9540167][14.87214139][14.76754868][14.89190901][15.0850774][15.11119746][15.07185238][14.97373658][15.0229288][15.25535697][15.17642974][14.90996128][14.88529224][15.00658341][14.78040696][14.72812427][14.6987031][14.71515936][14.8133212][14.8166633][14.85591029][14.73139302][14.56443421][14.40389005][14.28469378][14.34834457][14.43359097][14.46313069][14.54336056][14.6628502][14.73478968][14.76756999][14.75423067][14.82648653][15.04906247][15.07516887][14.98022032][14.90494217][14.84277992][14.84277905][14.954212][15.11296316][15.46492276][15.78234321][15.8968624][15.87075516][15.87551668][15.874058][16.04910848][16.11949716][16.15223399][16.17844017][16.12105735][16.03443244][16.0638323][16.08024164][16.07684754][16.0671974][16.04093495][15.95890783][15.8182635][15.84131352][15.80180041][15.75619846][15.76597738][15.85595374][15.80528494][15.86748984][15.79529877][15.67092818][15.79204453][15.67092818][15.42686497][15.28474575][15.36667139][15.28452402][15.01139357][14.89035735][15.2488485][15.34342095][15.21599059][15.28800937][15.43868761][15.51052305][15.46464646][15.47467698][15.58925925][15.70699002][15.64157353][15.74311073][15.72332689][15.66122177][15.66128146][15.75292887][15.70358484][15.43498649][15.25534249][15.41905985][15.53027959][15.44015911][15.2812297][15.12764689][15.08009586][15.04575793][15.13747782][15.18314972][15.10140745][15.26516746][15.22904166][15.13418692][15.10470264][14.94733681][14.82973994][14.81666073][14.86565509][14.87218061][14.82963077][14.7773583][14.9050266][14.92127305][14.80334272][14.45604057][14.10920151][13.88348563][13.93584935][13.64447734][13.559584][13.8411686][13.98190079][14.13573519][14.22740647][14.37451323][14.31255905][14.23698327][14.16527747][14.21081548][14.39119118][14.68900778][14.7838463][14.61664272][14.55805708][14.00438451][13.96560997][14.18491632][14.20765932][14.14046002][14.26669781][14.22070527][14.27005439][14.42044182][14.456635][14.52861287][14.70865345][14.74458396][14.61360938][14.51538185][14.46968181][14.39745748][14.37147729][14.48917993][14.42702024][14.31248997][14.28297925][14.35189388][14.30226416][13.97514925][13.9228904][14.09909852][13.66068027][13.680772][13.88363831][14.07354647][14.2340045][14.38434159][14.39111787][14.73484765][14.96719994][14.84910332][14.55783022][14.4269759][14.18124846][13.88658635][13.71995421][13.87707524][13.78186487][13.53339833][13.68718752][13.7053276][13.83602585][13.92629901][13.96518612][13.75934703][13.79169666][13.50695847][13.34686975][13.35664524][13.26455009][13.04240911][12.93748378][12.96713609][13.15681484][13.17978469][13.28792504][13.08114867][12.66894855][12.68235352][12.67562249][12.61668717][12.5643328][12.43333266][12.43678815][12.52183157][12.53501228][12.57917518][12.69543189][12.74109528][13.13733459][13.52036856][13.45791124][13.52366715][13.52177098][13.4056669][13.1172992][12.90153879][12.80009285][12.75751145][12.75758736][12.65274049][12.69395216][12.78707504][13.16681549][13.25829577][13.37636596][13.52684038][13.46445211][13.27137584][13.13726898][13.16996485][13.32392803][13.45488812][13.51371001][13.48103374][13.81828061][13.88028856][13.83447679][13.71017359][13.78880318][13.7362143][13.81501702][13.98188971][13.95890024][13.84920826][13.89997088][13.94752704][14.14560707][14.10277151][14.10944798][14.08962322][13.96558696][14.02122539][13.99158164][13.89680024][14.21432214][14.18150518][14.10953926][14.18153757][14.3549716][14.22246837][14.286387][14.07018736][14.16521778][14.28962758][14.33874732][14.27977023][14.31242772][14.34858764][14.35831539][14.22063618][14.1945153][14.02109236][14.132556][14.27321398][14.14877091][13.97182423][13.7166505][13.78872727][13.74943849][13.98854313][14.15838863][14.12266451][14.07180211][14.04084037][14.1717996][14.28960798][14.41568626][14.51214979][14.56456981][14.48908955][14.33860916][14.23060188][14.11608782][13.98814829][13.88370057][13.90975919][13.94911962][13.8738176][13.89346754][13.77530436][13.67412196][13.72982778][13.7657455][13.7690543][13.78552251][13.93610011][13.93921705][13.76906456][13.62503721][13.72659229][13.7230788][13.51041399][13.51706572][13.53650758][13.45815857][13.39909787][13.49076489][13.46452375][13.33679659][13.2975982][13.24208514][13.32709614][13.31733086][13.23841981][13.4647804][13.59187564][13.39922408][13.52027135][13.48103204][13.31065183][13.08471419][12.80970118][12.16824863][12.33152936][12.28621312][12.49898966][12.68232795][12.68226486][12.32843632][12.16481192][12.0930396][11.88656941][11.96866732][12.07648952][11.97504784][11.8540134][11.81140213][11.79842357][11.84100754][11.90631656][11.70336585][11.62467739][11.33660736][11.06155427][10.72793345][10.75073954][10.6132181][10.40027014][10.40393544][10.60352447][10.68221633][10.95705791][11.06521531][11.2843289][11.35653701][11.44808551][11.43171368][11.3792638][11.33017649][11.40237608][11.47761501][11.39254942][11.50056266][11.59521954][11.63154406][11.76235916][11.6411763][11.53655885][11.7345928][11.67401716][11.67723388][11.69693072][11.63470108][11.61165362][11.03168702][10.75095783][10.78007457][10.73452805][10.77703697][10.56730569][10.50860066][10.51515604][10.4494001][10.37446736][10.37428315][10.39072063][10.3842062][10.51522852][10.5086757][10.65270391][10.70828947][10.71481586][10.5508486][10.30224729][10.17451417][9.95536306][9.89320164][9.99132339][9.99467231][9.81446287][9.7129052][9.87029061][10.04709916][10.05337991][9.83748134][9.87351758][9.96198922][10.17477172][10.27947703][10.24336401][10.2926057][10.28265366][10.29249993][10.1443544][10.23368573][10.06651541][9.79650273][9.81464026][9.82433219][9.68993878][9.54586279][9.50695951][9.31699505][9.43650857][9.34977109][9.70986157][9.97816232][9.72259457][9.68699496][9.81130585][9.93891959][10.07333856][10.18452677][10.07639155][10.34174075][10.55753955][10.44305449][10.3021859][10.1877861][10.24344844][9.95833414][9.82450787][10.06996751][10.29254854][10.39078802][10.25639035][10.43994271][10.38245755][10.57740695][10.71153945][10.69175475][10.55927459][10.72473291][10.89170794][11.07829281][11.35328448][11.54306389][11.45122632][11.33335056][11.37949066][11.62160397][11.6151151][11.62167731][11.90653998][12.14872494][12.27307761][12.25012484][12.22066868][12.14519098][12.12258528][12.20744962][12.22241988][12.36464316][12.39427839][12.30084568][12.18283601][11.88334161][11.75587543][11.66561675][11.67555088][11.72307378][11.80172641][11.90971665][11.9293265][11.93261656][11.94575119][12.12907927][12.09283748][11.90137253][11.87529343][11.79008628][11.81158464][12.03083383][11.87358742][11.81482866][11.93591684][11.8540134][11.81806668][11.85719855][11.73952151][11.7820594][12.04070997][12.06021238][12.02745595][11.87857753][11.84090263][11.74924414][11.59354679][11.39252894][11.52022028][11.50042793][11.55948093][11.64453457][11.63890848][11.71336394][11.81143795][11.68376709][11.58553274][11.81480645][12.01777254][12.14053946][12.16826061][12.08325728][11.96196951][11.85406457][11.80660735][11.7950576][11.84104845][12.16514025][12.47606245][12.63645905][12.67571631][12.75104306][12.56439336][12.28263394][12.34845724][12.65610729][12.99009909][13.08806311][12.89175391][12.84927655][12.83603701][12.90822721][13.11773587][13.21541427][13.25192802][13.25177877][13.25681236][13.24859618][13.1504403][13.18644841][13.22245482][13.27482793][13.31408858][13.28787218][13.19273855][12.90816326][12.96710453][12.93420397][12.82960188][13.04228969][13.0522196][13.03887685][12.90479985][12.81310554][12.78709125][12.86892734][12.92117081][12.86542748][12.67898589][12.84274673][13.06536702][12.98658647][12.92128254][12.95382747][12.79025936][12.76740124][12.80973701][12.79521448][12.76565515][12.69869638][12.70516734][12.82309254][13.30109973][13.61855175][13.62504148][13.28419406][13.14716812][13.11429999][13.07984094][13.12096706][13.17007232][13.31084286][13.42210951][13.63824176][13.82150675][13.86405403][13.83448361][13.73636355][13.77732594][13.69035393][13.55459649][13.25821986][12.88159888][12.62321782][12.4137356][12.37112007][12.35652846][12.25336799][12.29929658][12.38435022][12.37760807][12.33532773][12.54101048][12.70851366][12.79835528][12.66101466][12.74771548][12.68555236][12.65610816][12.60681956][12.384282][12.45142241][12.39737742][12.2042602][12.33856915][12.68211381][13.01296065][13.08984758][12.84899852][12.47556609][12.11243198][11.88355568][12.11602137][12.11910335][12.08975636][12.15505686][12.19779521][12.10282961][12.01771711][12.1945981][12.52847564][12.5741919][12.3120935][11.94537252][11.85402788][11.95885257][12.05205334][12.20767561][12.43023447][12.56118177][12.62666991][12.81325905][12.87170993][12.52506876][12.47921691][12.52511311][12.57753056][12.65604503][12.53484256][12.45307215][12.48263148][12.46600637][12.39092268][12.36790848][12.33202062][12.27297697][12.16735533][12.34518422][12.42008799][12.14031943][12.28300575][12.3874629][12.34514843][12.56766038][12.62656757][12.50862359][12.32183147][12.02738686][12.07978468][12.07007061][12.04697198][12.05048463][11.94238183][12.10114148][12.02087839][11.97848376][12.04556704][12.0176958][12.08319159][12.19458788][12.21078828][12.22403891][12.33856662][12.25660005][12.16837744][12.31237665][12.23694756][12.35168417][12.39076404][12.39423661][12.52849186][12.18744232][12.07997827][12.07004161][12.1945708][12.26976199][12.21740166][12.15175489][11.87353199][11.76562192][11.81479709][11.79665274][11.70018752][11.91627456][11.96864514][12.08981692][12.04698393][11.95227075][11.96843107][11.88017776][11.9031587][11.88017693][11.89996842][11.96202494][11.85884912][11.85077621][11.85736571][11.92282911][11.89980895][11.87690392][11.80812402][11.79517103][11.92612513][12.0112402][12.03739264][12.08651152][12.0799587][12.07173739][12.06689484][12.06029938][12.18803676][12.25349933][12.20751444][12.00783841][11.99154761][12.00461573][11.98501953][11.91620978][11.82453337][11.92614987][11.91629504][12.01769663][12.19449063][12.20426446][12.10600624][12.05704258][12.07981797][12.01444752][11.93253895][11.88354033][11.96542586][12.09293469][12.30258234][12.42042658][12.45313184][12.4039908][12.38760789][12.51213964][12.6167699][12.4922475][12.55296643][12.45611232][12.23054142][12.3124406][12.42365182][12.51865494][12.62655222][12.57912058][12.59716175][12.58734105][12.55137728][12.49874745][12.29592722][12.27628324][12.37121302][12.27947522][12.14848274][11.9030811][11.84318836][11.78192723][11.6542265][11.44314318][11.412184][11.59220837][11.62327928][11.80163942][11.78845531][11.76234382][11.76409673][11.88354373][11.9735926][12.04249763][12.07343231][12.05695388][11.97839507][11.87695169][11.8310751][11.72632206][11.81151726][11.81795921][11.7852642][11.83109727][11.77220887][11.81795921][12.01106701][12.04378769][12.03572073][11.92262699][11.79188184][11.75263228][11.83119792][11.79008371][11.73623145][11.85412426][11.98177552][12.02429979][12.05705623][12.11592672][12.04369387][11.87367015][11.80160872][11.74927313][11.79023979][11.80820675][11.80823575][11.81481757][11.86719068][12.01123507][12.0143341][11.91949897][11.91465472][11.9752517][12.00131289][11.99156979][12.0340045][11.91121115][11.83110666][11.85084359][11.86710795][11.79516251][11.76241972][11.73944817][11.77874377][11.83446068][11.90977208][11.96375655][11.89535654][11.8965948][11.91628312][11.92283594][11.89663745][11.94897047][11.92448907][11.89006672][11.82459136][11.89996672][11.90959214][11.80498578][11.76883012][11.62487185][11.62153489][11.48414566][11.45140031][11.33680095][11.28116252][11.44974118][11.33335312][11.13702601][11.14701301][11.19609523][11.09771845][10.93746258][11.44492423][11.55283856][11.53001455][11.53480168][11.39564332][11.30735931][11.32702546][11.33360471][11.40392262][11.41871295][11.37269394][11.27794154][11.2975207][11.33034195][11.43179385][11.44810599][11.52667076][11.39250507][11.42853109][11.5266972][11.48404501][11.39897346][11.37439312][11.51022216][11.5807567][11.52317176][11.28280627][11.27138786][11.35980151][11.41527534][10.94028856][11.4187283][11.49562972][11.55946132][11.56596041][11.54955532][11.55290594][11.56925986][11.5037086][11.44163503][11.57423032][11.71491899][11.6343625][11.45135083][12.41678172][12.35171916][12.31854654][12.08970433][11.9815444][12.04074749][12.32551555][12.45637839][12.40057792][12.23869791][12.24679896][11.98144545][11.61136877][11.2157443][11.29406943][10.99606357][10.88508177][10.95874517][11.00293706][10.95711251][11.14377243][11.17635487][11.1207207][11.09018079][11.00943188][11.13392272][11.17640265][11.73958117][11.82094907][11.71637424][11.58883388][11.62496737][11.68864716][11.53319545][11.54304259][11.52674753][11.49389045][11.43494831][11.39902207][11.3875687][11.49725299][11.52008725][11.46114937][11.4939092][11.55440809][11.55267139][11.50053879][11.63466865][11.81159316][12.00794075][12.06517945][12.11600433][12.12567152][12.15196383][12.14206552][12.10116112][12.14211073][12.09302425][12.03730139][12.02427505][12.17821179][12.36801422][12.43184925][12.40078773][12.35485401][12.46952241][12.63969964][12.65940674][12.8066721][12.95066532][12.897284][12.88524117][12.86555881][12.91474933][12.98017095][12.99986183][12.66553654][12.65942378][12.88858324][12.98014026][13.00145867][12.95727361][12.90818287][12.86211781][12.66664968][12.70846762][12.83778736][12.8279803][12.99003344][13.07508368][13.06527406][13.24210815][13.37952468][13.41394364][13.59062421][13.69031211][13.45116396][13.31736838][13.38615257][13.47775051][13.6218418][13.75931037][13.8623122][13.78861128][13.72325023][13.74941119][13.68384289][13.5775527][13.55953969][13.51704698][13.74625587][13.89505242][14.07522434][14.23939964][13.73970222][13.74607509][13.59565527][13.63163438][13.51018201][13.41231863][13.62998038][13.72984143][13.79206681][13.80181417][13.65431852][13.44821761][13.58580979][13.67745041][13.71343378][13.7348199][13.94595151][14.09635429][14.05875617][14.00470518][13.99822741][14.09642507][14.08671779][14.27653473][14.43038108][14.18807927][14.52696826][14.5022114][14.30907114][14.1290536][14.11611169][14.12919602][14.38622498][14.51223592][14.59732711][14.59732455][14.59735355][14.64638969][14.66930837][14.64635473][14.54820311][14.65621296][14.59396115][14.35145042][13.99467467][13.99171124][14.00795516][13.79849937][13.84442457][13.7886565][13.83134024][14.01466745][14.15210615][14.24543826][14.36160885][14.32875776][14.3878389][14.54496592][14.5251113][14.34359414][14.33532423][14.31579112][14.19846055][14.67259074][14.95745002][15.18644744][15.12439096][15.41145905][15.36989237][15.42554702][15.47441427][15.3596077][15.19970319][15.46964423][15.7955435][15.87375781][15.58731531][15.56303176][15.65134477][15.49404206][15.42531247][15.32698187][15.24864725][15.25185201][15.33066155][15.28789168][15.3044571][15.32715233][15.53692023][16.21792075][16.56742223][16.26355863][16.15711919][16.17341851][16.09650687][15.97530352][15.96896561][16.16038708][16.05722148][15.80810847][15.6285199][15.63827239][15.87409892][15.91642364][16.04101169][16.09655378][16.0704525][16.21442611][16.19459706][16.02133276][16.13586473][16.27017967][16.30720282][16.53847186][16.45987978][16.46986422][16.18400111][15.65000096][15.52677889][15.32889842][15.21578078][14.81936401][14.74473743][14.87234181][15.00630026][15.11119916][14.86240342][14.85253494][15.15380013][15.33381175][15.59906887][15.700363][15.82170533][15.97387811][15.77237242][15.9117286][16.07371952][16.13579991][16.12445145][16.22422634][16.38148214][16.48619683][16.5351082][16.46650338][16.60401543][16.8249928][16.8954173][17.16385701][17.34225641][17.50258819][17.5418804][17.62541994][17.73234431][17.84448405][17.76285268][17.59489342][17.65802456][17.67257013][17.64836163][17.74807769][17.80057275][18.06076046][18.02782408][17.8905065][17.76599345][17.81522835][17.99369254][17.96868578][19.90183156][18.12782327][18.32572078][18.25391694][18.44383705][18.6271276][18.72193799][18.72203864][18.81531954][18.81352315][18.56229727][18.50262312][18.61923135][18.79702168][18.76127538][18.90866956][18.9149614][18.92118554][18.60395102][18.61053149][18.55669884][18.71704464][18.5812391][18.73844455][18.69563034][18.59441551][18.69895962][18.62055261][18.60740433][18.63038014][18.55479837][18.37159824][18.26698675][18.26368134][18.33892536][18.33402568][18.19980113][18.19796975][17.95249733][17.68429556][17.88512271][17.82352388][17.75553483][17.39947976][17.28461687]
 Actual Values: 
 [10.55] [10.48] [10.260000000000002] [10.71] [10.780000000000001] [10.95] [11.220000000000002] [11.16] [11.130000000000003] [11.29] [11.5] [11.490000000000002] [10.8] [11.120000000000001] [11.400000000000002] [11.970000000000002] [11.850000000000001] [11.95] [11.8] [11.620000000000001] [11.73] [11.64] [11.650000000000002] [11.650000000000002] [11.670000000000002] [11.61] [11.600000000000001] [11.440000000000001] [11.150000000000002] [11.07] [11.41] [11.66] [11.995000000000001] [12.010000000000002] [12.2] [12.130000000000003] [12.100000000000001] [11.990000000000002] [11.940000000000001] [11.600000000000001] [11.73] [11.810000000000002] [11.620000000000001] [11.68] [11.650000000000002] [11.59] [11.670000000000002] [11.690000000000001] [11.66] [11.830000000000002] [11.8] [11.940000000000001] [11.810000000000002] [11.850000000000001] [12.030000000000001] [12.05] [12.02] [12.280000000000001] [12.23] [12.600000000000001] [12.68] [12.71] [12.470000000000002] [12.77] [12.830000000000002] [12.84] [12.920000000000002] [13.04] [12.870000000000001] [12.71] [13.150000000000002] [12.900000000000002] [12.71] [12.86] [12.84] [12.970000000000002] [13.14] [12.870000000000001] [12.71] [12.880000000000003] [13.0] [12.880000000000003] [13.060000000000002] [13.170000000000002] [13.5] [13.470000000000002] [13.810000000000002] [13.71] [13.79] [13.82] [13.75] [13.760000000000002] [13.740000000000002] [13.52] [13.46] [13.510000000000002] [13.41] [13.240000000000002] [12.93] [13.14] [13.27] [13.23] [13.370000000000001] [13.3] [13.05] [13.16] [13.170000000000002] [13.02] [13.130000000000003] [12.98] [12.93] [13.030000000000001] [13.150000000000002] [13.130000000000003] [12.900000000000002] [13.130000000000003] [13.0] [13.07] [13.060000000000002] [13.11] [12.7] [12.79] [12.620000000000001] [12.470000000000002] [12.59] [12.490000000000002] [12.560000000000002] [12.32] [12.27] [12.170000000000002] [12.130000000000003] [12.11] [12.25] [12.190000000000001] [12.470000000000002] [12.45] [12.48] [12.48] [12.310000000000002] [12.71] [12.0] [11.96] [11.870000000000001] [12.220000000000002] [12.330000000000002] [12.260000000000002] [12.2] [12.260000000000002] [12.150000000000002] [12.07] [12.0] [12.240000000000002] [12.3] [12.240000000000002] [12.350000000000001] [12.55] [12.490000000000002] [12.280000000000001] [11.880000000000003] [11.84] [11.780000000000001] [12.09] [12.580000000000002] [12.32] [12.66] [12.3] [12.23] [12.39] [12.630000000000003] [12.59] [12.61] [12.66] [12.43] [12.170000000000002] [11.91] [12.05] [12.23] [12.370000000000001] [12.830000000000002] [12.940000000000001] [12.720000000000002] [12.75] [12.7] [12.84] [12.77] [12.66] [12.64] [12.61] [12.690000000000001] [12.7] [12.620000000000001] [12.690000000000001] [12.71] [12.64] [12.39] [12.16] [11.970000000000002] [12.010000000000002] [12.02] [12.09] [12.120000000000001] [11.920000000000002] [12.240000000000002] [11.98] [11.68] [11.530000000000001] [11.7] [11.720000000000002] [11.73] [11.91] [11.720000000000002] [11.71] [11.79] [11.68] [11.66] [11.57] [11.650000000000002] [11.380000000000003] [11.510000000000002] [11.510000000000002] [11.45] [11.48] [11.440000000000001] [11.36] [11.29] [11.36] [11.39] [11.41] [11.45] [11.48] [11.310000000000002] [11.490000000000002] [11.530000000000001] [11.41] [11.18] [11.09] [11.220000000000002] [11.130000000000003] [11.25] [11.060000000000002] [10.970000000000002] [10.850000000000001] [10.96] [10.830000000000002] [10.920000000000002] [10.96] [11.02] [10.900000000000002] [10.830000000000002] [10.82] [10.7] [10.740000000000002] [10.600000000000001] [10.79] [10.920000000000002] [11.100000000000001] [11.100000000000001] [10.89] [10.7] [10.740000000000002] [10.530000000000001] [10.39] [10.510000000000002] [10.490000000000002] [10.57] [10.620000000000001] [10.370000000000001] [10.55] [10.080000000000002] [10.14] [9.93] [9.870000000000001] [9.760000000000002] [9.79] [9.740000000000002] [10.010000000000002] [9.940000000000001] [9.920000000000002] [10.14] [10.07] [10.220000000000002] [10.150000000000002] [10.440000000000001] [10.420000000000002] [10.760000000000002] [10.55] [10.7] [10.870000000000001] [10.84] [10.830000000000002] [10.73] [10.73] [10.720000000000002] [10.73] [10.760000000000002] [10.880000000000003] [11.080000000000002] [10.96] [10.940000000000001] [10.880000000000003] [10.82] [10.740000000000002] [10.560000000000002] [10.5] [10.89] [10.95] [10.990000000000002] [11.330000000000002] [10.810000000000002] [10.84] [10.95] [11.080000000000002] [11.100000000000001] [11.0] [10.940000000000001] [11.0] [11.100000000000001] [11.100000000000001] [11.280000000000001] [11.220000000000002] [11.100000000000001] [11.060000000000002] [10.850000000000001] [10.690000000000001] [10.89] [10.93] [11.09] [10.96] [10.95] [11.060000000000002] [11.120000000000001] [11.060000000000002] [11.23] [11.310000000000002] [11.310000000000002] [11.220000000000002] [11.170000000000002] [11.36] [11.350000000000001] [11.120000000000001] [11.27] [10.91] [11.07] [11.670000000000002] [11.560000000000002] [11.920000000000002] [12.04] [12.280000000000001] [12.350000000000001] [12.39] [12.3] [12.48] [12.52] [12.630000000000003] [12.52] [12.400000000000002] [12.46] [12.5] [12.630000000000003] [12.470000000000002] [12.490000000000002] [12.39] [12.330000000000002] [12.57] [12.57] [12.54] [12.52] [12.470000000000002] [12.370000000000001] [12.400000000000002] [12.64] [12.73] [12.870000000000001] [12.870000000000001] [13.07] [12.75] [12.780000000000001] [12.64] [12.530000000000001] [12.880000000000003] [13.0] [13.18] [13.260000000000002] [13.490000000000002] [13.5] [13.690000000000001] [13.86] [13.86] [13.91] [13.810000000000002] [13.830000000000002] [13.920000000000002] [13.79] [13.0] [13.240000000000002] [13.02] [13.14] [13.010000000000002] [12.880000000000003] [12.98] [12.93] [13.010000000000002] [12.75] [12.8] [12.75] [12.330000000000002] [12.400000000000002] [12.280000000000001] [12.209900000000001] [12.310000000000002] [12.21] [12.060000000000002] [12.32] [12.510000000000002] [12.16] [12.400000000000002] [12.170000000000002] [12.41] [12.420000000000002] [12.280000000000001] [12.130000000000003] [11.630000000000003] [11.510000000000002] [11.3799] [11.510000000000002] [11.75] [11.970000000000002] [11.98] [12.11] [11.900000000000002] [11.7] [11.870000000000001] [11.89] [11.98] [12.010000000000002] [12.41] [12.5] [12.600000000000001] [12.84] [12.86] [12.740000000000002] [12.73] [12.82] [12.68] [12.720000000000002] [12.370000000000001] [12.380000000000003] [12.470000000000002] [12.45] [12.350000000000001] [12.530000000000001] [12.66] [12.57] [12.7] [12.68] [12.89] [13.11] [13.060000000000002] [13.11] [12.95] [12.900000000000002] [12.780000000000001] [12.59] [12.530000000000001] [12.650000000000002] [12.650000000000002] [12.95] [12.93] [12.79] [12.720000000000002] [12.86] [12.8] [12.870000000000001] [12.720000000000002] [12.59] [12.75] [13.100000000000001] [13.39] [13.580000000000002] [13.46] [13.370000000000001] [13.4009] [13.380000000000003] [13.29] [13.7] [13.580000000000002] [13.310000000000002] [13.530000000000001] [13.54] [13.52] [13.560000000000002] [13.39] [13.330000000000002] [13.350000000000001] [13.310000000000002] [13.27] [13.29] [13.370000000000001] [13.32] [13.310000000000002] [13.560000000000002] [13.630000000000003] [13.740000000000002] [13.61] [13.73] [14.100000000000001] [14.190000000000001] [14.280000000000001] [14.260000000000002] [14.07] [14.100000000000001] [14.309999999999999] [14.39] [14.330000000000002] [14.220000000000002] [14.080000000000002] [14.05] [14.04] [13.96] [14.09] [13.740000000000002] [14.190000000000001] [14.530000000000001] [14.780000000000001] [15.16] [15.170000000000002] [15.280000000000001] [14.970000000000002] [14.75] [14.7] [14.600000000000001] [14.669999999999998] [14.5] [14.5] [14.45] [14.57] [14.41] [14.830000000000002] [15.259999999999998] [14.880000000000003] [15.039999999999996] [14.690000000000001] [14.470000000000002] [14.02] [13.530000000000001] [13.82] [13.990000000000002] [14.05] [14.14] [14.169999999999998] [14.370000000000001] [14.36] [14.470000000000002] [14.510000000000002] [14.479999999999997] [14.45] [14.510000000000002] [14.280000000000001] [14.339999999999996] [14.36] [14.539999999999996] [14.36] [14.5] [14.45] [14.27] [14.445] [14.280000000000001] [14.36] [14.46] [14.43] [14.350000000000001] [14.130000000000003] [13.720000000000002] [13.650000000000002] [13.8] [13.8] [13.780000000000001] [14.060000000000002] [13.760000000000002] [13.740000000000002] [13.850000000000001] [14.0] [14.02] [14.05] [14.330000000000002] [14.21] [14.440000000000001] [14.650000000000002] [14.669999999999998] [14.370000000000001] [14.530000000000001] [14.619999999999997] [14.260000000000002] [14.169999999999998] [14.080000000000002] [13.8] [13.580000000000002] [13.900000000000002] [13.91] [14.04] [13.990000000000002] [14.030000000000001] [13.850000000000001] [13.54] [13.84] [13.8] [13.850000000000001] [13.940000000000001] [14.060000000000002] [13.82] [14.130000000000003] [13.940000000000001] [13.91] [13.970000000000002] [13.760000000000002] [14.100000000000001] [14.400000000000002] [14.330000000000002] [14.330000000000002] [14.29] [14.350000000000001] [14.32] [14.169999999999998] [14.39] [14.3] [14.380000000000003] [14.220000000000002] [14.309999999999999] [14.41] [14.330000000000002] [14.29] [14.14] [14.18] [14.330000000000002] [14.510000000000002] [14.510000000000002] [14.36] [14.330000000000002] [14.46] [14.690000000000001] [14.29] [14.29] [14.25] [14.0] [14.05] [14.080000000000002] [14.060000000000002] [14.120000000000001] [14.18] [14.220000000000002] [14.16] [13.98] [13.84] [13.560000000000002] [13.71] [13.8] [13.760000000000002] [13.86] [13.940000000000001] [14.09] [14.04] [14.21] [14.010000000000002] [14.32] [14.479999999999997] [14.370000000000001] [14.27] [14.25] [14.169999999999998] [14.169999999999998] [14.39] [14.530000000000001] [15.059999999999999] [15.27] [15.240000000000002] [15.25] [15.190000000000001] [15.369999999999997] [15.429999999999996] [15.5] [15.569999999999997] [15.560000000000002] [15.369999999999997] [15.440000000000001] [15.429999999999996] [15.530000000000001] [15.350000000000001] [15.46] [15.46] [15.220000000000002] [15.240000000000002] [15.23] [15.080000000000002] [15.16] [15.240000000000002] [15.21] [15.240000000000002] [15.220000000000002] [15.059999999999999] [15.21] [15.059999999999999] [14.89] [14.539999999999996] [14.68] [14.740000000000002] [14.41] [14.010000000000002] [14.440000000000001] [14.760000000000002] [14.559999999999999] [14.59] [14.68] [14.940000000000001] [14.86] [14.809999999999999] [14.850000000000001] [15.059999999999999] [15.030000000000001] [15.119999999999997] [15.179999999999996] [15.059999999999999] [14.990000000000002] [15.100000000000001] [15.170000000000002] [14.96] [14.57] [14.68] [14.84] [14.89] [14.75] [14.479999999999997] [14.470000000000002] [14.419999999999998] [14.400000000000002] [14.600000000000001] [14.440000000000001] [14.559999999999999] [14.650000000000002] [14.52] [14.510000000000002] [14.400000000000002] [14.150000000000002] [14.150000000000002] [14.25] [14.190000000000001] [14.2] [14.16] [14.21] [14.25] [14.220000000000002] [13.990000000000002] [13.52] [13.21] [13.2] [13.060000000000002] [12.7] [13.010000000000002] [13.3] [13.440000000000001] [13.48] [13.830000000000002] [13.59] [13.71] [13.43] [13.670000000000002] [13.400000000000002] [14.07] [14.150000000000002] [14.11] [13.89] [13.54] [13.09] [13.420000000000002] [13.620000000000001] [13.370000000000001] [13.48] [13.650000000000002] [13.43] [13.75] [13.68] [13.86] [14.07] [14.14] [14.030000000000001] [13.900000000000002] [13.79] [13.8] [13.510000000000002] [13.810000000000002] [13.82] [13.620000000000001] [13.650000000000002] [13.470000000000002] [13.830000000000002] [13.370000000000001] [13.14] [13.7] [13.010000000000002] [12.850000000000001] [13.25] [13.25] [13.5] [13.720000000000002] [13.66] [13.86] [14.220000000000002] [14.339999999999996] [14.030000000000001] [13.86] [13.670000000000002] [13.310000000000002] [13.11] [13.150000000000002] [13.260000000000002] [12.870000000000001] [12.970000000000002] [12.920000000000002] [13.150000000000002] [13.14] [13.440000000000001] [12.970000000000002] [13.260000000000002] [12.93] [12.670000000000002] [12.64] [12.740000000000002] [12.280000000000001] [12.220000000000002] [12.240000000000002] [12.350000000000001] [12.41] [12.580000000000002] [12.600000000000001] [12.05] [11.740000000000002] [12.05] [12.0] [11.84] [11.850000000000001] [11.630000000000003] [11.79] [11.86] [11.900000000000002] [11.870000000000001] [12.11] [12.120000000000001] [12.68] [12.91] [12.650000000000002] [12.920000000000002] [12.780000000000001] [12.52] [12.260000000000002] [12.120000000000001] [12.11] [12.09] [12.04] [12.0] [12.0] [12.23] [12.620000000000001] [12.54] [12.830000000000002] [12.82] [12.7] [12.470000000000002] [12.48] [12.52] [12.740000000000002] [12.86] [12.8] [12.86] [13.310000000000002] [13.220000000000002] [13.080000000000002] [13.07] [13.170000000000002] [13.02] [13.310000000000002] [13.3] [13.170000000000002] [13.18] [13.25] [13.420000000000002] [13.510000000000002] [13.330000000000002] [13.54] [13.240000000000002] [13.27] [13.420000000000002] [13.240000000000002] [13.420000000000002] [13.600000000000001] [13.490000000000002] [13.490000000000002] [13.720000000000002] [13.29] [13.57] [13.48] [13.5] [13.560000000000002] [13.66] [13.68] [13.66] [13.620000000000001] [13.73] [13.68] [13.630000000000003] [13.39] [13.330000000000002] [13.59] [13.560000000000002] [13.440000000000001] [13.080000000000002] [13.09] [13.120000000000001] [13.07] [13.64] [13.400000000000002] [13.48] [13.330000000000002] [13.470000000000002] [13.61] [13.670000000000002] [13.870000000000001] [13.89] [13.940000000000001] [13.720000000000002] [13.64] [13.490000000000002] [13.41] [13.21] [13.3] [13.27] [13.240000000000002] [13.220000000000002] [13.190000000000001] [12.990000000000002] [13.04] [13.170000000000002] [13.05] [13.100000000000001] [13.2] [13.350000000000001] [13.170000000000002] [13.02] [12.900000000000002] [13.14] [12.920000000000002] [12.73] [12.93] [12.8] [12.75] [12.810000000000002] [12.82] [12.71] [12.61] [12.580000000000002] [12.64] [12.580000000000002] [12.650000000000002] [12.330000000000002] [13.010000000000002] [12.620000000000001] [12.8] [12.850000000000001] [12.73] [12.41] [12.16] [11.27] [11.79] [11.560000000000002] [11.760000000000002] [11.86] [12.030000000000001] [11.780000000000001] [11.57] [11.350000000000001] [11.32] [11.240000000000002] [11.39] [11.23] [11.2] [11.120000000000001] [11.11] [11.150000000000002] [11.18] [11.05] [11.0] [10.73] [10.5] [10.05] [10.080000000000002] [9.920000000000002] [9.810000000000002] [9.53] [9.86] [9.810000000000002] [10.150000000000002] [10.240000000000002] [10.55] [10.490000000000002] [10.77] [10.73] [10.64] [10.64] [10.620000000000001] [10.82] [10.68] [10.690000000000001] [10.95] [10.810000000000002] [11.080000000000002] [10.990000000000002] [10.830000000000002] [10.880000000000003] [10.95] [11.010000000000002] [10.98] [10.940000000000001] [10.95] [10.48] [9.77] [10.16] [9.96] [10.100000000000001] [9.84] [9.760000000000002] [9.77] [9.82] [9.57] [9.720000000000002] [9.62] [9.670000000000002] [9.64] [9.66] [9.89] [10.0] [10.02] [9.990000000000002] [9.56] [9.52] [9.260000000000002] [9.11] [9.190000000000001] [9.260000000000002] [9.17] [9.05] [8.9] [9.29] [9.369999999999997] [9.17] [9.08] [9.190000000000001] [9.32] [9.53] [9.56] [9.55] [9.61] [9.5] [9.439999999999998] [9.47] [9.4] [9.09] [9.010000000000002] [9.119999999999997] [9.1] [8.8] [8.66] [8.630000000000003] [8.64] [8.6] [8.64] [9.28] [9.129999999999999] [8.809999999999999] [9.04] [9.22] [9.119999999999997] [9.47] [9.36] [9.41] [9.7] [9.54] [9.68] [9.330000000000002] [9.5] [9.38] [9.010000000000002] [9.28] [9.439999999999998] [9.64] [9.64] [9.66] [9.71] [9.5] [10.030000000000001] [10.010000000000002] [9.850000000000001] [9.830000000000002] [10.060000000000002] [10.29] [10.43] [10.740000000000002] [10.850000000000001] [10.690000000000001] [10.5] [10.940000000000001] [10.870000000000001] [10.89] [10.93] [11.370000000000001] [11.530000000000001] [11.600000000000001] [11.5] [11.580000000000002] [11.240000000000002] [11.61] [11.385000000000002] [11.73] [11.620000000000001] [11.68] [11.560000000000002] [11.27] [11.07] [10.970000000000002] [10.91] [11.010000000000002] [11.060000000000002] [11.220000000000002] [11.220000000000002] [11.23] [11.18] [11.370000000000001] [11.5] [11.27] [11.150000000000002] [11.170000000000002] [11.02] [11.240000000000002] [11.2] [11.120000000000001] [11.150000000000002] [11.2] [11.080000000000002] [11.240000000000002] [11.030000000000001] [10.95] [11.2] [11.41] [11.39] [11.23] [11.18] [11.080000000000002] [10.970000000000002] [10.650000000000002] [10.760000000000002] [10.86] [10.82] [10.89] [10.990000000000002] [10.900000000000002] [11.120000000000001] [11.04] [10.900000000000002] [10.93] [11.240000000000002] [11.39] [11.55] [11.370000000000001] [11.310000000000002] [11.170000000000002] [11.14] [11.120000000000001] [11.0] [11.29] [11.71] [11.870000000000001] [12.030000000000001] [12.07] [11.850000000000001] [11.73] [11.490000000000002] [11.900000000000002] [12.080000000000002] [12.48] [12.25] [12.130000000000003] [12.21] [12.150000000000002] [12.32] [12.57] [12.57] [12.64] [12.55] [12.630000000000003] [12.5] [12.5] [12.55] [12.580000000000002] [12.64] [12.66] [12.620000000000001] [12.240000000000002] [12.220000000000002] [12.330000000000002] [12.14] [12.21] [12.380000000000003] [12.440000000000001] [12.280000000000001] [12.18] [12.05] [12.190000000000001] [12.240000000000002] [12.240000000000002] [12.010000000000002] [12.0] [12.27] [12.400000000000002] [12.220000000000002] [12.350000000000001] [12.170000000000002] [12.09] [12.16] [12.07] [12.16] [12.0] [12.07] [12.04] [12.3] [12.850000000000001] [13.0] [12.79] [12.280000000000001] [12.490000000000002] [12.420000000000002] [12.27] [12.48] [12.59] [12.740000000000002] [12.810000000000002] [13.170000000000002] [13.130000000000003] [13.23] [13.100000000000001] [13.130000000000003] [13.14] [12.91] [12.64] [12.380000000000003] [12.0] [11.79] [11.73] [11.670000000000002] [11.620000000000001] [11.54] [11.61] [11.720000000000002] [11.600000000000001] [11.850000000000001] [11.900000000000002] [12.150000000000002] [11.940000000000001] [12.11] [12.010000000000002] [11.98] [12.0] [11.720000000000002] [11.7] [11.77] [11.59] [11.46] [11.52] [12.27] [12.440000000000001] [12.3] [11.98] [11.530000000000001] [11.190000000000001] [11.27] [11.5] [11.350000000000001] [11.420000000000002] [11.45] [11.420000000000002] [11.29] [11.34] [11.720000000000002] [11.880000000000003] [11.73] [11.36] [11.09] [11.16] [11.39] [11.39] [11.57] [11.850000000000001] [11.880000000000003] [12.09] [12.27] [11.880000000000003] [11.810000000000002] [11.84] [11.830000000000002] [11.940000000000001] [11.900000000000002] [11.830000000000002] [11.740000000000002] [11.880000000000003] [11.75] [11.73] [11.670000000000002] [11.54] [11.52] [11.400000000000002] [11.870000000000001] [11.54] [11.330000000000002] [11.780000000000001] [11.61] [11.8] [11.940000000000001] [11.89] [11.75] [11.420000000000002] [11.25] [11.370000000000001] [11.41] [11.3] [11.29] [11.260000000000002] [11.400000000000002] [11.27] [11.350000000000001] [11.39] [11.3] [11.43] [11.560000000000002] [11.470000000000002] [11.64] [11.650000000000002] [11.380000000000003] [11.620000000000001] [11.64] [11.46] [11.780000000000001] [11.690000000000001] [11.77] [11.71] [11.14] [11.380000000000003] [11.3] [11.64] [11.55] [11.55] [11.25] [11.05] [11.100000000000001] [11.170000000000002] [11.02] [11.05] [11.260000000000002] [11.36] [11.48] [11.190000000000001] [11.34] [11.130000000000003] [11.18] [11.260000000000002] [11.080000000000002] [11.260000000000002] [11.240000000000002] [11.11] [11.170000000000002] [11.190000000000001] [11.240000000000002] [11.170000000000002] [11.18] [11.05] [11.130000000000003] [11.29] [11.36] [11.380000000000003] [11.400000000000002] [11.420000000000002] [11.370000000000001] [11.380000000000003] [11.400000000000002] [11.55] [11.600000000000001] [11.3] [11.3] [11.310000000000002] [11.330000000000002] [11.27] [11.170000000000002] [11.14] [11.080000000000002] [11.260000000000002] [11.34] [11.57] [11.5] [11.34] [11.43] [11.310000000000002] [11.3] [11.220000000000002] [11.170000000000002] [11.380000000000003] [11.36] [11.71] [11.760000000000002] [11.760000000000002] [11.73] [11.68] [11.990000000000002] [11.870000000000001] [11.8] [11.920000000000002] [11.560000000000002] [11.530000000000001] [11.73] [11.71] [11.970000000000002] [11.82] [11.940000000000001] [11.93] [11.89] [11.93] [11.650000000000002] [11.600000000000001] [11.630000000000003] [11.650000000000002] [11.54] [11.25] [11.18] [11.150000000000002] [11.0] [10.810000000000002] [10.690000000000001] [10.850000000000001] [10.95] [11.09] [11.120000000000001] [11.11] [11.05] [11.120000000000001] [11.280000000000001] [11.350000000000001] [11.380000000000003] [11.420000000000002] [11.350000000000001] [11.240000000000002] [11.16] [11.09] [11.0] [11.080000000000002] [11.150000000000002] [11.14] [11.080000000000002] [11.080000000000002] [11.010000000000002] [11.45] [11.25] [11.34] [11.120000000000001] [11.05] [11.130000000000003] [11.14] [11.02] [11.100000000000001] [11.23] [11.34] [11.36] [11.420000000000002] [11.470000000000002] [11.190000000000001] [11.150000000000002] [11.07] [11.080000000000002] [11.170000000000002] [11.16] [11.130000000000003] [11.16] [11.23] [11.380000000000003] [11.2] [11.2] [11.240000000000002] [11.36] [11.280000000000001] [11.39] [11.280000000000001] [11.18] [11.130000000000003] [11.170000000000002] [11.09] [11.09] [11.080000000000002] [11.060000000000002] [11.100000000000001] [11.170000000000002] [11.3] [11.240000000000002] [11.21] [11.220000000000002] [11.2] [11.220000000000002] [11.27] [11.23] [11.240000000000002] [11.150000000000002] [11.130000000000003] [11.3] [11.130000000000003] [11.150000000000002] [10.970000000000002] [10.970000000000002] [10.82] [10.79] [10.620000000000001] [10.59] [10.620000000000001] [10.720000000000002] [10.490000000000002] [10.350000000000001] [10.5] [10.440000000000001] [10.25] [10.66] [10.84] [10.810000000000002] [10.91] [10.77] [10.620000000000001] [10.650000000000002] [10.59] [10.73] [10.740000000000002] [10.740000000000002] [10.55] [10.61] [10.620000000000001] [10.690000000000001] [10.8] [10.8] [10.720000000000002] [10.720000000000002] [10.760000000000002] [10.830000000000002] [10.760000000000002] [10.68] [10.7] [10.79] [10.93] [10.580000000000002] [10.490000000000002] [10.620000000000001] [10.75] [10.68] [10.71] [10.77] [10.870000000000001] [10.850000000000001] [10.84] [10.86] [10.900000000000002] [10.830000000000002] [10.73] [10.77] [10.970000000000002] [11.100000000000001] [10.77] [11.810000000000002] [11.59] [11.8] [11.3] [11.39] [11.150000000000002] [11.55] [11.68] [11.780000000000001] [11.55] [11.59] [11.350000000000001] [11.11] [10.400000000000002] [10.600000000000001] [10.440000000000001] [10.130000000000003] [10.23] [10.260000000000002] [10.23] [10.36] [10.440000000000001] [10.39] [10.440000000000001] [10.260000000000002] [10.36] [10.510000000000002] [10.75] [11.280000000000001] [10.920000000000002] [10.900000000000002] [10.900000000000002] [11.04] [10.870000000000001] [10.84] [10.86] [10.850000000000001] [10.79] [10.7] [10.690000000000001] [10.73] [10.880000000000003] [10.8] [10.720000000000002] [10.8] [10.91] [10.760000000000002] [10.84] [10.98] [11.240000000000002] [11.380000000000003] [11.350000000000001] [11.45] [11.41] [11.470000000000002] [11.420000000000002] [11.510000000000002] [11.380000000000003] [11.41] [11.330000000000002] [11.41] [11.57] [11.780000000000001] [11.720000000000002] [11.740000000000002] [11.670000000000002] [11.86] [11.95] [12.060000000000002] [12.16] [12.21] [12.25] [12.170000000000002] [12.190000000000001] [12.280000000000001] [12.32] [12.150000000000002] [11.870000000000001] [12.100000000000001] [12.34] [12.32] [12.3] [12.190000000000001] [12.280000000000001] [12.060000000000002] [11.990000000000002] [12.120000000000001] [12.130000000000003] [12.220000000000002] [12.39] [12.370000000000001] [12.43] [12.620000000000001] [12.71] [12.86] [13.0] [12.96] [12.530000000000001] [12.71] [12.8] [12.86] [13.100000000000001] [13.18] [13.130000000000003] [13.05] [13.080000000000002] [13.09] [12.95] [12.95] [12.86] [12.900000000000002] [13.150000000000002] [13.29] [13.510000000000002] [13.05] [13.16] [12.95] [12.96] [13.0] [12.59] [12.850000000000001] [13.060000000000002] [13.120000000000001] [13.18] [13.100000000000001] [12.850000000000001] [12.720000000000002] [13.030000000000001] [13.02] [13.09] [13.150000000000002] [13.440000000000001] [13.45] [13.380000000000003] [13.3] [13.36] [13.280000000000001] [13.54] [13.75] [13.27] [13.79] [13.95] [13.71] [13.560000000000002] [13.420000000000002] [13.48] [13.510000000000002] [13.760000000000002] [13.990000000000002] [13.96] [13.95] [13.98] [14.07] [14.060000000000002] [13.91] [14.02] [14.0] [13.870000000000001] [13.43] [13.190000000000001] [13.41] [13.16] [13.18] [13.170000000000002] [13.120000000000001] [13.23] [13.400000000000002] [13.560000000000002] [13.64] [13.77] [13.64] [13.82] [13.96] [13.690000000000001] [13.77] [13.620000000000001] [13.7] [13.990000000000002] [14.130000000000003] [14.490000000000002] [14.52] [14.559999999999999] [14.720000000000002] [14.8] [14.740000000000002] [14.869999999999997] [14.46] [14.77] [14.869999999999997] [15.380000000000003] [15.05] [14.880000000000003] [15.02] [14.95] [14.850000000000001] [14.68] [14.669999999999998] [14.66] [14.52] [14.68] [14.61] [14.740000000000002] [14.66] [14.850000000000001] [16.09] [15.630000000000003] [15.560000000000002] [15.52] [15.55] [15.429999999999996] [15.240000000000002] [15.59] [15.48] [15.350000000000001] [14.91] [15.030000000000001] [15.039999999999996] [15.330000000000002] [15.310000000000002] [15.54] [15.440000000000001] [15.59] [15.61] [15.34] [15.490000000000002] [15.5] [15.89] [15.970000000000002] [15.93] [15.759999999999998] [15.959999999999997] [14.900000000000002] [15.02] [14.669999999999998] [14.619999999999997] [14.350000000000001] [13.84] [14.190000000000001] [14.36] [14.46] [14.27] [14.190000000000001] [14.21] [14.64] [14.869999999999997] [15.05] [14.979999999999997] [15.34] [15.25] [15.05] [15.39] [15.5] [15.46] [15.569999999999997] [15.649999999999999] [15.899999999999999] [15.899999999999999] [15.830000000000002] [15.95] [16.1] [16.16] [16.4] [16.65] [16.82] [16.9] [16.96] [17.079999999999995] [17.25] [17.2] [17.12] [17.02] [17.17] [16.9] [17.159999999999997] [17.079999999999995] [17.4] [17.51] [17.359999999999996] [17.07] [17.26] [17.29] [17.53] [17.14] [17.45] [17.72] [17.69] [17.76] [18.0] [18.17] [18.16] [18.14] [18.32] [18.14] [17.88] [17.99] [18.3] [18.08] [18.3] [18.37] [18.27] [18.12] [18.13] [17.96] [18.13] [18.06] [18.04] [18.24] [17.94] [18.15] [18.04] [18.07] [18.06] [18.04] [17.88] [17.65] [17.67] [17.72] [17.77] [17.63] [17.68] [17.469999999999995] [17.079999999999995] [17.11] [16.86] [17.12] [16.82] [16.71] [16.579999999999995] 
 ---------