Company Name: AFLAC Inc 
Ticker Symbol: AFL 
sentiment1: Aflac and Monster Team Up to Find a Duck’s Voice 
 After the Disasters in Japan, A Stoic Response From Aflac 
 published on 2015-06-20 
---sentiment2: After the Disasters in Japan, a Stoic Response From Aflac 
 Home Depot Apologizes For a Tweet That Offends 
 published on 2016-01-25 
---sentiment3: Aflac Finds Its New Duck on the … Web 
 Paul S. Amos, 88, a Founder Who Took Aflac to the Office 
 published on 2014-07-04 
---sentiment4: The Year in Media | Advertisers Discover Pitfalls in Social Media 
 Perseverance and Pachyderms, in the Tallest Building in Town 
 published on 2015-03-02 
---
Current Value: 49.96 
Prediction: Decrease 
Perecent_correct: 0.6442687747035574 
Predicted Values: 
 [68.29268047][67.6842383][67.82270139][68.59288844][68.18058246][68.69880291][68.85286865][68.44299948][67.84980547][68.08467222][68.53323207][68.63017698][68.86069049][69.22191314][68.90120852][67.99737118][67.43727255][67.49927454][67.6329803][67.79261157][67.67838245][67.14457555][67.2256729][67.03331964][67.11148483][67.13899512][67.34349032][67.25636291][67.59606145][67.68438199][68.09032383][68.59608351][68.8467771][68.44001972][68.01243775][67.84954991][67.78026172][68.32190135][68.66957083][68.57310239][68.73695856][68.70258119][68.39794145][68.09371014][68.25369595][68.31070632][68.17197806][68.25305686][68.43703077][68.80136243][68.9013184][68.78081713][68.59398554][68.05140965][68.18405983][68.61795331][68.51536234][68.73877671][69.05369937][69.15722321][69.19018408][69.26276244][69.2086444][69.40439508][69.3771395][67.25607873][69.02476578][67.25607873][66.44381695][65.26764093][65.07543457][64.9483667][64.93624783][65.11997918][65.0404804][65.24988853][65.23775676][65.54223845][65.86430059][66.14149123][66.44836227][66.6871774][66.70790622][66.91860294][66.7260607][66.76223499][66.85548624][67.18692187][67.04229005][67.08465712][67.2804208][67.18863328][67.144686][67.07245463][67.08165622][66.68250947][66.25873374][65.65662379][65.81320294][65.78017785][65.29793405][64.79503299][64.6985492][64.74066448][64.54509393][64.34004892][64.45112638][64.35210253][64.46632563][64.36834167][64.43957325][63.95999513][63.79181906][64.08093426][64.17720544][63.65582513][63.71016624][63.58982721][63.12542027][62.63763663][62.88109629][62.37231866][61.98026635][63.04753032][63.27664621][64.1139408][64.14401726][64.3040894][64.43188682][64.67288868][65.28578787][65.67495934][65.85204594][66.16843444][65.62645648][65.44537028][65.67495934][65.61468837][64.91258186][64.97577153][65.1715306][65.02378324][65.21079921][65.21678303][64.99382196][65.13557758][65.07544427][64.91837161][65.70480189][66.02125309][66.03332573][65.82235179][65.77406371][65.41879719][65.46378437][65.67445614][65.54237018][65.51807341][65.78273007][65.54501016][65.63179707][65.59613285][64.92098682][64.20729479][64.02504455][64.75806047][65.99986391][66.7253411][67.28648729][67.63575012][67.76235226][67.73537295][67.80121701][67.69885618][67.48502466][67.14486717][66.02389835][65.25286364][65.49861077][65.86860448][65.53863143][64.5720756][64.60167605][63.68876048][63.76669751][63.97501838][64.34309009][64.10800595][64.90290758][65.02407722][64.92123437][64.65622375][64.41784415][63.74046906][63.54668518][63.8751012][64.91825098][66.4778874][66.58415159][67.0664759][66.95773153][67.14777655][67.47600462][67.49098343][67.72615847][67.96980862][67.72020657][67.5123019][67.57222767][67.44628091][67.56921566][67.75053104][67.79565409][68.03615824][68.12080452][68.08160757][67.90370947][68.37696441][68.38530977][68.03375894][67.40041068][67.20805958][68.05878695][68.04860932][68.47588205][68.41607857][68.9665423][68.89531613][69.28335952][69.62660991][69.35595088][69.08496237][69.03962114][69.09727568][69.57872333][69.50287846][69.31107547][69.18876517][69.34292352][69.58205428][69.66088925][69.94637115][70.00408115][69.98080131][70.05032556][70.23555105][70.09130931][69.62140189][69.94049129][69.88608408][69.58231116][69.62560237][69.76298557][69.75675222][69.75197741][69.24375588][69.12619905][68.95530989][69.10288709][69.28766295][69.47946106][69.37980631][69.65440429][69.6150031][69.17543221][69.12088252][69.41943999][69.28689329][69.28488794][69.75965792][70.08452322][69.45805907][68.57211029][67.93104887][68.08873581][68.12395703][68.15420674][68.06069023][67.99403562][68.17494337][68.05151737][67.80461076][67.50321548][67.4340433][68.08410893][68.52143119][68.20941138][67.8225997][68.00153307][68.32859507][68.58150904][68.44031266][68.56090687][68.54903066][68.33478501][68.96693421][69.15713356][68.18650508][67.8765569][68.45541717][67.94017964][67.34003743][67.42817172][66.85540686][66.86452285][67.34359286][67.04177432][67.24412258][67.44632243][67.92813148][67.68119305][67.41603817][67.56490122][67.63585549][67.65550043][67.75596778][67.31658031][67.87356796][69.30281516][69.80475518][69.63940241][69.49802156][69.63896437][69.87092363][69.50971623][69.4223503][70.19340667][69.76268566][69.57597102][69.77156464][70.02172075][69.82314134][69.97077649][69.10877213][67.81016727][66.15883747][62.83857386][63.2274491][63.02944016][64.43885601][64.58404785][64.53549639][63.31228463][63.57509831][63.86075235][62.87880152][63.62320014][64.1225358][63.87006843][64.00534012][64.1142038][64.51750049][64.78887808][64.70434046][63.46746004][63.83357199][63.22830041][63.47841358][63.45689501][64.12890257][63.4512934][63.66489205][64.41510369][64.24649541][64.02858001][65.19661915][65.36725585][66.038999][66.48151769][66.76492403][66.67640634][66.54776938][66.04529902][66.53145801][67.10256752][66.97307541][67.0182881][67.27136206][67.8311071][68.72289168][69.0698925][68.89773435][69.55258285][69.81377963][69.69346368][69.81071122][69.69648859][69.6717864][69.75969358][69.98817126][69.56393549][69.59627931][69.91657531][69.32229508][68.91618403][68.90361506][69.34973184][69.99993184][70.63643506][71.12695906][71.00098819][70.67524529][70.71034043][70.76147414][70.73287676][71.17248042][71.3227186][70.25601124][68.98390396][68.85269727][67.88014425][67.62288238][67.0451644][66.07152004][65.80413734][66.59867154][67.3522417][67.03008776][65.35786925][64.60787654][65.08207806][66.04495419][66.16260946][66.1174623][66.74707087][66.61453718][66.06297929][65.02394822][65.24956508][64.41831533][63.56947614][63.52339078][63.28868325][63.88518076][64.09497333][63.54096699][62.76665181][63.12278717][62.01969353][62.27276052][63.26433054][63.2971723][63.58035943][63.81199157][64.28253938][64.08422029][63.30038997][63.66007193][64.23987722][63.85441814][64.27654492][63.95092867][64.01404076][64.26994246][62.2090473][63.23390396][64.25272876][65.03562066][65.22290963][65.17458555][65.75297029][65.51806974][65.33195695][66.00280662][66.34037724][65.9244049][66.52937365][67.05139634][66.97320064][66.97622283][66.51799661][66.10816289][66.37349423][66.45456248][67.61092697][67.56053085][67.22006978][67.84894632][68.74330722][69.23550958][68.95963007][68.93388464][69.05491003][68.45860198][68.70203028][68.73239637][69.36442872][69.14799592][69.28301799][69.46167401][69.20480704][69.28537458][68.83758212][69.34075483][69.69908704][70.52104368][71.55824797][72.24040643][72.21502164][72.28117756][72.64289466][73.15177728][72.82018974][72.9874955][72.96523779][73.32921605][73.92203646][74.21808984][74.01956321][73.98603302][73.95049131][73.65676826][73.75130347][73.77023691][73.79665346][73.96802139][73.95449577][74.28487053][74.22397667][73.97404825][73.90212386][73.955648][73.83601821][73.79390943][73.60107556][74.35635829][74.88668988][74.57392802][74.42949579][74.61317996][74.29370233][74.43847872][74.14613898][74.47132086][74.49567215][74.64445704][74.62837082][74.09331649][73.7814529][73.47434546][73.53455043][73.49470082][73.91418622][74.84186562][75.28780386][75.69916326][76.52914844][74.44546362][73.22398841][73.79924494][74.74521271][76.2805934][77.17807568][76.55943742][76.63561759][76.64673582][77.18272704][77.39650046][77.86356451][78.00541392][78.47848449][78.36372164][77.99630669][77.86660704][78.1923328][78.07183699][78.07205507][78.07492527][78.17720233][78.20399507][77.91796118][77.33721709][76.64645484][76.4450146][76.7308659][76.67388971][77.57397981][77.82480514][77.72539163][77.75563757][77.97162272][77.550416][77.56852704][77.17318171][77.2613992][77.2584353][77.3178444][77.20098632][77.47218048][77.41056865][77.49912786][77.7155585][78.12513336][78.66494535][78.85207638][78.68936002][78.66511777][78.40333772][78.16806098][77.94223583][77.49568158][77.67872138][77.09543061][76.70674616][76.91605947][76.54133294][76.7306658][77.3032543][77.91781975][78.28250273][77.81248815][76.9450996][76.99875501][77.20112267][76.89349922][76.72632039][76.46584926][76.43593279][76.63762341][76.82766476][76.44761032][76.52906944][76.18881365][76.23662611][75.78491432][76.08572918][75.70394635][75.71565072][75.53774104][75.10704592][74.3480006][74.88725807][74.81223428][74.63268221][75.15253122][74.91310876][73.98948732][73.95036203][73.59166428][73.95010826][73.90228742][74.55603277][74.95299723][76.15719886][77.75669815][77.55610274][77.49821628][77.05037394][76.80325622][76.96247346][77.21896885][77.03481952][76.3545587][76.41456347][76.50513727][76.0982038][76.12526022][76.44867425][76.00478579][74.48130378][73.81171635][73.76980447][74.19370473][74.77862096][74.03163301][74.05883785][74.75428162][74.98248865][74.72993739][74.44453562][74.5617518][74.92620973][75.17193115][75.2187685][75.20084432][75.30276882][75.01394713][74.86622106][74.84817713][74.97908957][75.26941473][75.17929339][75.22748392][74.78773977][74.63073227][74.70353143][74.65484231][74.80266726][74.65615858][75.00416806][74.84799879][74.97628358][74.73671557][74.75481213][75.26679085][75.48691967][75.29114356][75.25642969][75.2393768][73.74058795][72.72916669][73.8451809][73.82958052][74.15845559][74.42291074][74.88144845][74.94480866][75.53387082][75.86036185][75.85131422][75.89323533][75.87264653][76.20949897][76.034966][76.31821189][76.33028264][76.96287827][77.05327324][77.72513334][77.33054049][77.05341373][76.87236963][76.83666898][76.9900314][76.99927216][77.06215966][76.84566114][76.65598947][76.90863499][77.19466379][77.32434725][77.06551961][76.86327409][76.30903488][76.76939656][76.89640303][76.43835836][76.92961478][76.63766136][76.81764622][77.08938474][77.43911706][77.30059945][77.36329063][77.59225161][77.55627967][78.06048457][78.17406928][77.98709268][77.86344163][77.99639351][78.44194643][78.56860639][78.68888308][78.78217784][79.35514844][79.51484168][79.43908267][79.52688701][80.03700719][79.35193313][79.28851181][79.35219462][79.3728177][78.96969879][78.91852346][78.75951617][78.72509759][78.62918556][78.24028124][78.30670195][78.35510924][78.09507226][78.38164956][78.43333271][78.55040248][78.64408762][78.62005894][78.94780818][79.23466967][79.49331756][79.71672223][80.20169254][80.3370133][80.32191161][79.7043577][79.44845882][79.70125133][81.40423699][82.03931241][82.03327444][82.06587297][81.97946682][82.36467395][83.27639769][83.10251125][82.64166907][81.93999185][81.9004302][81.98503542][82.04220889][82.59323352][82.59616805][82.1024083][82.70988831][82.58302114][82.22723819][82.16850462][82.01816353][81.95214433][81.89460899][82.02423143][82.06603983][82.06030508][81.92157625][82.14341927][82.06895948][81.81945761][81.82864987][82.33463507][82.01199628][81.50282119][82.95900787][83.72942193][85.09744672][84.88004018][85.01260957][85.09744672][85.09995091][85.13305406][85.36800264][85.04870816][84.75634478][85.08788383][85.36199208][85.16624234][84.43698514][83.90079411][83.75764595][84.05180893][83.9489948][84.3620573][84.74449719][84.80188375][85.10518698][85.80019623][86.20868081][86.62088472][86.16583936][85.63908415][85.28968463][84.7043168][86.12601022][86.26149784][85.85653723][85.84156304][86.25343926][86.7601241][87.13938192][87.56119332][87.42316718][87.42273506][87.75391648][87.13024004][87.43882884][86.90744367][85.75087522][85.651207][85.91362152][85.99481501][86.24116202][86.35023916][86.22375387][86.95848198][87.37462768][87.52835329][87.78989126][87.79929698][87.65482238][87.44708268][87.73573385][88.24499605][87.7723962][88.20046801][87.87303077][88.27116396][87.46507718][87.4919627][87.51633801][87.8986393][88.03747066][87.72430643][87.9704667][88.04909283][87.55076072][87.65458481][87.38983992][87.62839266][87.66922717][87.87443169][88.17291713][87.56761871][88.09416493][88.70276605][88.62194318][88.70020828][88.92251312][89.43029793][90.32314011][90.98957044][91.07122741][91.58922743][91.42058543][91.18528469][91.01639721][91.30651007][91.61046265][91.87806391][91.84222878][91.84511236][92.23923063][92.32703149][91.40540097][91.15098815][90.79986187][90.58927325][90.83598899][90.98498839][91.34546955][91.37532603][91.48674324][91.27285098][92.25700337][92.64987301][92.97532937][93.4468714][93.52555824][94.38800724][92.07186253][89.52069362][90.92255631][90.76588037][90.17559248][91.15554148][91.10068586][91.76976549][92.33912144][93.42888085][93.39946139][92.05634741][91.71275145][92.68379465][92.72681249][91.18122719][88.88302727][89.42429051][88.53930045][88.26568682][88.79604366][89.19310878][90.60106627][91.55611033][92.32274337][92.27802428][92.49984956][92.18244587][92.40529403][93.42055367][93.55579185][93.03128777][91.93140907][90.79698517][91.27134362][91.87870252][91.62163226][92.73367644][94.03745927][94.17126258][94.13450739][93.63177036][93.339468][93.4299835][52.52138135][52.58143829][52.81066652][52.19582612][51.5870412][51.49418533][51.21691037][51.12039936][51.2893117][51.09009345][51.06027434][51.32616459][51.62673166][51.11397147][51.25569978][51.76820111][51.63869788][52.03183491][52.18706079][52.25937295][52.46430572][52.5337085][52.47969334][52.6707203][52.70226085][52.66915261][52.66760659][53.04515304][53.06065859][53.16006984][52.67220804][52.58772673][52.02758978][52.01201896][52.09394213][52.1840806][52.22346061][52.53329117][52.65111094][52.62992233][52.5906491][52.66878104][52.78375557][52.85914358][52.97956727][52.86506733][52.70240548][52.65723532][52.60294207][52.24433642][52.74984233][52.55474693][52.77475371][52.85305298][52.71130245][52.94641835][53.07005791][53.07899414][53.1453641][53.09395911][53.06988324][52.94955099][52.93435222][52.65413915][52.40996451][52.29249785][51.9357209][51.91293598][51.56333717][51.53345074][51.25898864][50.88265591][50.8238981][50.4159541][50.58731705][50.74125152][50.49103619][50.75292989][50.78350211][50.36150019][50.21691693][50.12949837][50.32520564][50.45499861][50.66105179][50.68065013][50.4908601][50.88219423][51.15058476][51.21580794][51.69134522][53.47027837][53.63906273][53.78399346][53.93135813][53.68148941][53.68449492][53.85019147][54.00361765][53.98574462][53.98892303][53.74787688][53.61219849][53.66932252][53.51574809][53.76580301][53.85907365][53.94969321][53.99748543][53.94066687][53.76895646][53.77038779][54.13782628][54.10332457][54.12430198][53.91051104][53.63326281][53.60291837][54.06974815][54.16659466][54.07015484][54.03408308][53.87717587][53.66043111][53.80497087][54.20387825][54.36823264][54.36982434][54.70255357][54.99499549][55.07648098][55.03318786][54.91972536][54.63021053][54.25666891][54.15728545][54.36537863][54.27498413][54.24776734][54.00074566][53.81149283][54.07844134][54.44648888][54.23213015][52.97286509][52.01807643][51.47591221][51.52139336][52.01768583][51.97885536][51.79800759][51.93382421][51.47716238][51.21046318][50.43459735][49.53594037][49.96771202][50.44245695][50.89286971][50.56919638][50.76188241][50.9424056][51.33136219][52.16864567][52.48494998][52.46125444][52.24712574][51.8612597][51.78915414][51.46676515][51.81314487][52.46385976][52.14190817][51.99344782][51.88828797][52.21711219][51.94302937][52.34308343][52.68392436][52.95209398][53.40417649][52.78603632][51.17795456][51.08100787][50.69298886][50.6863734][50.65798761][52.61989634][52.46394677][51.97928419][52.08724851][51.90007878][51.21075602][51.09550748][50.36707789][51.07418562][51.91803061][52.48510714][52.7052012][52.53290529][52.42165184][52.38140226][52.52694322][52.77158228][52.77433139][52.90079341][53.00670185][53.13538116][53.46408748][54.0427065][54.22320756][54.76294659][54.74441932][54.84124172][54.61507457][54.79009181][54.51753929][54.42248515][54.52449427][54.77371468][55.13573725][55.13979222][55.17868559][55.37134525][55.37131983][55.27210878][55.3205253][55.78994702][56.07031451][55.687699][56.13358319][55.97400408][56.04338417][56.026834][55.88981618][56.00399634][55.96172956][56.01569741][56.14834345][56.29031809][56.23564185][56.12168344][56.06425489][55.75712994][55.49804579][55.92585046][56.14580969][56.32338056][56.46808576][56.72073872][57.07960831][57.22417312][56.79013463][56.62275429][56.57327706][56.46810243][56.80788213][56.73776629][56.76023521][56.85700723][57.04040213][56.50273824][56.1999218][55.84448606][55.95014215][56.0946745][56.02988528][56.05687796][56.32956081][56.57372575][56.28725758][56.31570975][56.41084121][55.98747942][55.67275579][55.45420316][55.85359791][55.94967632][56.53084945][56.69982186][57.48450713][73.85486656][48.4107358][59.6582294][68.9618236][57.11262926]
 Actual Values: 
 [62.01] [62.23] [62.14] [62.0] [62.69] [63.18] [62.8] [62.28] [62.11] [62.53] [62.97] [63.16] [63.45] [63.53] [62.52000000000001] [61.85] [60.92] [62.09] [61.93] [62.05] [61.2] [61.239999999999995] [61.35000000000001] [61.05] [61.42999999999999] [61.5] [61.47] [61.44] [61.97999999999999] [62.02] [62.45] [63.03] [62.91] [62.4] [62.09] [61.81] [61.97999999999999] [63.1] [63.05] [63.02] [63.19] [62.81] [62.12] [62.540000000000006] [62.49] [62.53] [62.25999999999999] [62.81] [62.85] [63.16] [63.4] [62.93] [62.13] [62.239999999999995] [63.02] [62.72] [63.14] [63.14999999999999] [63.37] [63.46] [63.69] [63.65] [63.74] [63.9] [61.38] [63.599999999999994] [61.38] [60.93] [59.19] [59.12] [58.94] [58.61] [59.23] [58.8] [59.22] [59.06] [59.5] [59.650000000000006] [60.34] [60.010000000000005] [60.85] [60.7] [60.98] [61.06999999999999] [60.92] [60.89] [61.3] [61.11] [61.27] [61.61999999999999] [61.61999999999999] [61.3] [61.01] [61.42] [61.06] [60.56] [59.57] [59.85] [59.79] [59.46000000000001] [59.03] [58.519999999999996] [58.81] [58.41] [58.47] [57.93] [58.32] [58.11] [57.91] [58.4] [58.010000000000005] [57.56] [57.96] [58.13] [57.59] [57.17] [57.69] [56.91] [56.46000000000001] [56.05] [56.01] [55.02] [56.54] [56.89] [57.709999999999994] [58.14] [58.3] [58.02] [58.34] [58.92] [59.709999999999994] [59.6] [60.5] [59.86] [59.25] [59.709999999999994] [59.79] [58.84] [58.8] [59.18000000000001] [58.7] [59.22] [59.08] [58.77] [59.14] [59.1] [58.67] [59.68] [60.0] [60.2] [60.0] [59.83] [59.58] [59.31] [59.58] [59.72] [59.53] [59.5] [59.29] [59.51] [59.53] [59.09] [58.39] [57.21] [58.04] [59.75] [60.28] [61.33] [61.72] [62.0] [62.0] [61.91] [61.75] [62.06] [61.5] [60.44] [59.41] [59.45] [59.74] [60.06] [58.61] [58.69] [57.2] [57.349999999999994] [57.290000000000006] [58.38] [57.79] [58.36] [59.2] [58.6] [58.519999999999996] [58.81] [57.42] [57.10000000000001] [56.9] [58.55] [60.02] [60.32] [61.16] [60.94] [61.17] [61.46] [61.48] [61.76] [61.92] [62.08] [61.63] [61.34] [61.879999999999995] [61.39] [62.06] [61.94] [62.16] [62.19] [62.33] [61.86] [62.55] [62.8] [62.36] [61.82] [61.27] [61.900000000000006] [62.44] [62.42] [62.52000000000001] [62.71000000000001] [63.42] [63.32] [63.95] [63.81] [63.53] [63.260000000000005] [63.5] [63.71000000000001] [63.8] [63.87] [63.5] [63.1] [64.17] [63.93] [64.22] [64.53] [64.33] [64.41] [64.63] [64.68] [64.17] [64.33] [64.62] [64.05] [63.84] [64.28] [64.32] [63.89] [63.09] [63.64] [63.42] [63.37] [63.37] [64.1] [63.64] [63.99] [64.08] [63.73] [63.31] [63.89] [63.71000000000001] [63.3] [64.1] [64.18] [64.45] [62.74] [62.49] [62.04] [62.25999999999999] [62.64] [62.5] [62.09] [62.31] [62.42] [62.22] [61.72] [61.59] [61.94] [62.63] [62.25999999999999] [62.03] [61.94] [62.65] [62.599999999999994] [62.900000000000006] [62.959999999999994] [62.99] [62.72] [63.09] [63.35] [62.99] [61.91] [63.05] [62.37] [61.23] [61.56] [61.32] [61.21] [61.35000000000001] [60.76] [61.370000000000005] [61.61] [62.14] [62.19] [61.67] [61.67] [61.81] [61.89] [61.86] [61.48] [61.81] [62.19] [64.32] [64.12] [63.94] [64.04] [64.36] [64.1] [63.64] [64.4] [64.12] [63.88] [64.13] [64.2] [63.97] [64.35] [63.7] [62.49] [60.68] [55.665] [57.98] [56.57] [57.81] [58.3] [58.12] [57.21] [57.38] [57.650000000000006] [56.69] [57.34] [58.49] [57.66] [57.46000000000001] [58.11] [58.14] [58.56] [58.89999999999999] [57.13] [57.45] [56.88] [57.10000000000001] [56.83] [57.97] [57.36999999999999] [57.11] [58.3] [58.14] [56.9] [58.8] [59.22] [59.84] [60.17] [60.86] [60.77] [60.53] [60.4] [60.29] [61.16] [61.17] [61.06999999999999] [61.53] [61.7] [62.51] [63.37] [63.14] [63.02] [64.03] [64.4] [63.93] [64.18] [64.04] [64.19] [64.32] [64.3] [63.45] [64.42] [63.76] [63.27] [62.68] [63.8] [63.75] [64.99] [65.52] [65.7] [64.91] [65.39] [65.3] [65.3] [65.48] [65.94] [65.71] [63.14] [63.39] [62.21] [61.91] [61.18000000000001] [60.12] [60.02] [60.18000000000001] [61.22] [61.71000000000001] [59.97] [58.39] [58.58] [59.8] [60.21] [59.97] [60.77] [60.85] [60.15] [58.79] [59.17] [58.33] [57.120000000000005] [57.67] [57.02] [57.63000000000001] [58.32] [57.02] [56.02] [57.08] [55.45] [55.74] [56.72] [57.24] [57.03] [57.41] [57.89] [57.98] [57.36] [56.72999999999999] [58.4] [57.14] [57.97] [57.39] [57.51] [58.3] [55.61] [56.52] [58.10000000000001] [58.75] [59.24] [58.98] [59.81] [59.64] [58.72999999999999] [59.72] [60.58] [60.18000000000001] [59.92] [61.02] [61.25999999999999] [61.23] [60.58] [60.11] [60.42999999999999] [60.53] [61.12] [61.84] [61.23] [61.45] [62.33] [63.66] [63.25] [63.06] [63.46] [62.91] [62.78999999999999] [62.93] [63.5] [63.73] [63.0] [64.14] [63.21] [63.71000000000001] [63.18] [63.48] [64.02] [64.27] [65.94] [66.8] [66.91] [66.73] [67.25] [67.77] [67.55] [67.51] [67.64] [68.04] [67.9] [69.06] [68.82] [68.47] [68.77] [68.62] [68.48] [68.42] [68.65] [68.42] [68.74] [69.21] [69.12] [68.56] [69.03] [68.41] [68.84] [68.68] [68.47] [68.78] [69.95] [69.77] [69.25] [69.66] [69.01] [69.23] [68.97] [69.36] [69.54] [69.23] [69.55] [68.96] [68.78] [68.29] [68.51] [67.64] [68.78] [69.75] [70.05] [70.69] [71.6] [68.68] [68.45] [68.32] [69.22] [70.19] [72.19] [71.94] [71.27] [72.15] [72.26] [72.5] [73.04] [73.36] [74.0] [73.93] [73.37] [73.05] [73.65] [73.51] [73.47] [73.61] [73.39] [73.59] [73.12] [71.87] [71.91] [71.64] [71.79] [71.79] [72.42] [73.22] [73.0] [73.06] [73.2] [72.89] [72.96] [72.63] [72.41] [72.75] [72.03] [72.25] [72.7] [72.7] [72.52] [72.95] [72.95] [73.78] [74.37] [74.28] [74.08] [73.95] [73.47] [73.54] [72.81] [72.07] [72.64] [71.87] [71.83] [72.02] [71.67] [72.54] [72.92] [73.69] [73.36] [72.31] [71.87] [72.44] [72.42] [71.85] [71.62] [71.7] [71.72] [72.06] [71.67] [71.64] [71.59] [71.02] [71.0] [71.14] [70.98] [71.12] [70.51] [70.32] [69.17] [69.73] [70.0] [69.24] [70.17] [70.48] [68.86] [69.18] [68.39] [68.72] [69.0] [69.48] [69.59] [70.44] [72.22] [72.83] [72.72] [72.07] [72.08] [71.77] [72.36] [72.52] [71.78] [71.45] [71.62] [71.31] [71.11] [71.76] [71.52] [70.0] [68.64] [68.75] [68.54] [69.76] [68.78] [68.95] [69.33] [69.69] [69.75] [69.39] [69.21] [69.85] [69.86] [70.15] [70.37] [70.16] [70.22] [69.86] [70.02] [70.09] [70.0] [70.29] [70.19] [69.89] [69.51] [69.51] [69.45] [69.77] [69.13] [70.07] [70.06] [69.92] [70.0] [69.67] [70.11] [70.55] [70.41] [70.25] [70.31] [69.0] [66.77] [68.9] [68.4] [69.22] [68.95] [69.9] [70.0] [69.81] [70.86] [70.87] [70.7] [70.93] [71.12] [71.06] [71.2] [71.24] [71.98] [72.15] [73.0] [72.87] [72.27] [71.86] [72.16] [72.4] [72.34] [72.37] [72.08] [71.92] [71.85] [72.31] [72.52] [72.34] [72.44] [71.19] [71.59] [72.04] [71.2] [71.7] [71.99] [71.45] [72.15] [72.76] [72.55] [72.78] [72.63] [72.67] [72.99] [73.3] [73.17] [73.15] [73.15] [73.63] [74.18] [73.85] [74.14] [74.98] [75.02] [74.86] [75.01] [75.23] [75.06] [74.41] [74.91] [75.06] [74.52] [74.45] [74.34] [73.74] [74.12] [73.66] [73.61] [73.78] [72.98] [73.62] [73.79] [73.83] [73.95] [74.17] [73.87] [74.6] [74.7] [75.14] [75.64] [75.81] [75.9] [75.46] [74.91] [75.09] [75.38] [77.91] [77.67] [77.36] [77.69] [77.95] [78.62] [79.05] [78.76] [77.99] [77.53] [77.87] [77.75] [78.3] [78.84] [77.92] [78.11] [78.42] [78.33] [77.74] [77.82] [77.8] [77.56] [77.65] [77.61] [77.81] [77.38] [77.97] [77.73] [77.54] [77.58] [78.18] [77.99] [77.35] [77.47] [79.58] [81.29000000000002] [80.66] [81.08] [81.29000000000002] [81.14] [81.08] [81.10999999999999] [81.25] [80.67] [80.99] [81.51] [81.5] [80.76] [79.71] [79.51] [79.9] [79.63] [80.32] [80.6] [80.86000000000001] [80.35] [81.69] [82.22] [82.54999999999998] [82.69] [81.71000000000001] [81.93] [79.9] [82.19] [82.61] [82.06] [82.01000000000002] [81.93] [82.89] [83.12] [83.8] [83.93] [83.51] [83.82999999999998] [83.14] [83.78] [83.73999999999998] [82.28] [81.52] [81.96000000000001] [82.15] [82.07] [82.71] [82.23] [82.72] [83.5] [83.78999999999999] [84.03] [84.06] [84.16] [83.8] [83.6] [85.14] [83.98] [84.75] [84.38] [84.99] [83.66] [83.71] [83.82] [84.14] [84.42] [84.2] [83.87] [84.75] [83.72] [83.81] [83.94] [83.27] [83.52] [83.93] [84.72] [83.98] [84.1] [85.01] [85.08] [85.25] [85.09] [85.5] [86.38] [87.6] [87.92000000000002] [88.45] [88.38] [87.97] [87.3] [88.06] [88.28] [88.38] [88.65] [88.66] [88.56] [89.68] [88.19] [88.24] [87.68] [87.3] [87.32] [87.51] [88.0] [88.31] [88.36] [87.73] [88.57] [89.37] [89.87] [90.2] [89.91] [91.2] [91.0] [84.99] [87.03] [87.81] [86.41] [88.0] [87.33] [88.49] [88.82] [89.41] [90.78] [89.1] [88.65] [88.58] [89.59] [88.66] [84.74] [85.44] [85.83000000000001] [84.29] [85.11000000000001] [84.91] [86.50999999999999] [88.17000000000002] [88.07999999999998] [88.75999999999999] [88.79] [89.21] [88.79] [89.86] [90.61] [90.32999999999998] [89.01] [87.41] [87.11000000000001] [88.62] [87.72] [89.11000000000001] [90.07999999999998] [91.51999999999998] [91.27000000000001] [90.85] [90.39] [90.25] [45.43] [44.89] [45.5] [44.97] [44.48] [43.92] [43.81] [43.52] [43.77] [43.85] [43.34] [43.14] [44.49] [43.49] [43.65] [44.18] [44.09] [44.5] [44.91] [44.89] [45.0] [45.31] [45.0] [45.35] [45.36] [45.41] [45.2] [45.52] [45.56] [46.01] [45.25] [45.31] [44.76] [44.24] [44.81] [44.71] [44.93] [44.88] [45.34] [45.25] [45.24] [45.07] [45.4] [45.69] [45.61] [45.51] [45.41] [45.34] [45.17] [45.03] [45.0] [45.3] [45.5] [45.62] [45.26] [45.58] [45.89] [45.7] [45.98] [45.81] [45.82] [45.65] [45.51] [45.4] [44.99] [44.99] [44.6] [44.67] [44.01] [44.11] [43.91] [43.42] [43.45] [42.85] [43.04] [43.35] [42.89] [42.97] [43.32] [42.97] [42.7] [42.41] [42.61] [42.84] [42.87] [43.21] [42.7] [43.02] [43.5] [43.73] [43.99] [46.0] [46.35] [46.6] [46.64] [46.51] [46.33] [46.62] [46.79] [46.7] [46.86] [46.59] [46.42] [46.32] [46.23] [46.55] [46.48] [46.74] [46.56] [46.87] [46.7] [46.45] [46.9] [47.04] [46.91] [46.87] [46.5] [46.09] [46.56] [47.08] [46.93] [46.93] [46.63] [46.52] [46.47] [46.75] [47.27] [47.14] [47.4] [47.9] [48.0] [48.1] [47.92] [47.75] [47.01] [46.81] [47.24] [47.11] [47.19] [46.92] [46.6] [46.4] [47.11] [47.36] [46.33] [44.87] [44.02] [43.94] [44.18] [44.65] [44.04] [44.56] [43.57] [44.25] [43.07] [41.92] [42.1] [42.46] [43.42] [43.01] [43.32] [42.94] [43.62] [44.34] [44.84] [45.09] [45.05] [44.24] [44.51] [43.6] [44.02] [44.67] [45.05] [44.34] [44.18] [44.9] [44.43] [44.33] [45.14] [45.42] [46.13] [46.1] [43.76] [43.59] [43.23] [43.3] [43.13] [44.43] [45.31] [44.45] [44.57] [44.49] [43.81] [43.41] [42.93] [42.55] [43.68] [45.11] [45.13] [44.59] [45.37] [45.02] [44.89] [45.51] [45.49] [45.26] [45.72] [45.44] [45.85] [46.75] [46.6] [47.56] [47.59] [47.75] [47.46] [47.73] [47.4] [47.34] [47.16] [47.07] [47.8] [48.16] [47.97] [48.15] [48.1] [48.2] [48.31] [48.49] [49.06] [48.63] [48.98] [48.93] [49.0] [49.15] [49.02] [48.96] [48.88] [48.82] [49.0] [49.41] [49.21] [49.12] [49.09] [48.8] [48.35] [48.79] [49.17] [49.27] [49.35] [49.49] [50.11] [50.5] [50.06] [49.25] [49.65] [49.5] [49.91] [49.81] [49.9] [50.0] [50.31] [49.78] [49.55] [48.85] [48.97] [49.12] [49.06] [48.93] [49.36] [49.79] [49.56] [49.04] [49.76] [48.98] [48.68] [48.65] [48.81] [48.64] [49.41] [49.7] [49.79] [50.51] [50.21] [50.31] [49.91] [50.24] [49.96] 
 ---------