Company Name: Allergan, Plc 
Ticker Symbol: AGN 
sentiment1: Pfizer Faces Challenges in Pursuing Deal for a Lower Tax Rate 
 Chief of Pfizer Defends Merger as Good for U.S. 
 published on 2019-05-01 
---sentiment2: Morning Agenda: Teva to Buy Allergan Generic Drug Unit 
 Allergan CEO Says Company Is Urgently Looking at All Options to Boost Share Price 
 published on 2019-05-01 
---sentiment3: How the Pfizer-Allergan Deal Ranks 
 Allergan CEO Saunders Wins Vote to Keep Chairman Role 
 published on 2019-05-07 
---sentiment4: Pfizer Chief Defends Merger With Allergan as Good for U.S. 
 Allergan to Prevail in Vote Over CEO Saunders' Chairman Role-Sources 
 published on 2017-03-19 
---
Current Value: 140.48 
Prediction: Decrease 
Perecent_correct: 0.7172619047619048 
Predicted Values: 
 [88.1470053][87.39141822][87.44968437][88.15892884][88.63750792][88.88468887][89.0064706][89.16072626][88.46656571][88.22419308][88.36083216][88.19304293][87.26238354][88.01662537][89.00557244][89.43960563][89.77147279][89.14555515][89.23089805][88.69833069][88.97476156][90.28045145][90.90476927][90.76958254][91.81252691][92.31227041][92.9078022][92.97385667][92.71569104][92.89766927][92.68151554][92.26008932][92.21710693][94.00631785][94.09706814][93.10937359][92.72408185][92.52942293][91.89637508][91.60800697][92.32438633][92.04648316][91.82561609][94.30416283][93.28959623][92.00822228][92.42699997][92.99196018][91.83420215][90.83385258][91.05315021][90.30570987][89.6367026][88.56192146][88.68963346][89.98810255][90.45641494][90.58362838][91.29041546][91.52886013][92.46430734][92.40938489][92.92043626][93.20879685][93.75561171][93.42171211][93.55488325][93.26727174][93.68458017][93.82792365][94.44754144][94.77567905][93.7693887][93.14649175][93.26127538][94.3949022][94.8398319][94.81035456][95.41720623][95.73015386][95.20386005][94.58417304][94.6428447][92.77148065][91.17641488][90.931505][91.13777181][90.84050221][91.61228619][92.52039985][93.14639409][91.15715222][89.46101797][90.38945501][90.51476976][90.20853269][90.69462383][90.73893839][90.86861829][92.0649634][91.09002666][89.80846924][90.88976776][91.08289129][91.45639197][92.68117749][92.32683635][91.86313367][92.08678717][92.33215192][92.70016541][92.32786515][91.68038804][91.79060147][91.96449479][91.26172424][91.88584421][89.63036529][88.96493044][89.16089299][89.32893957][90.32145433][90.98562963][91.07881031][90.8498347][91.33026744][91.82274701][92.11126679][92.25970634][92.53887255][93.1925548][94.74499419][96.20975524][96.44379418][96.38747033][95.58836028][95.49836569][94.98763865][95.15166231][95.4800386][95.97948472][96.37607242][96.0042662][96.75251725][97.46950037][101.22575596][100.66503023][100.46408057][101.14762443][102.47532558][102.6490498][102.10362012][102.18688393][102.08150489][101.565952][101.34757341][101.89520373][101.9999281][102.4715599][102.82489199][103.32065954][103.28694065][103.41710114][104.75443522][110.06832303][109.67193236][109.05750974][111.7610309][110.5687773][111.08412111][111.4474149][111.33819204][110.30186463][119.35467982][123.24150197][125.4788439][126.32668772][127.36504093][127.49436735][131.02006917][131.69519466][133.06690747][131.26348511][130.11481619][129.36685581][126.27072494][126.82723856][126.93268234][126.79819644][125.24289971][123.27285055][124.17877245][126.19376815][127.43122383][127.9507772][127.63993505][128.05818858][129.15605821][135.5188372][128.22691973][127.50096318][124.81260805][124.66530381][123.80304982][124.5105375][126.08986891][127.94359573][128.72076638][129.00951458][128.04074084][126.5886313][128.53094253][129.27229722][129.29593433][127.99351184][127.8620156][128.51845569][128.70720691][127.31733594][125.48671688][133.03912312][127.98898569][129.62588475][130.10736907][129.37589351][130.64783565][134.11618294][136.68631902][137.29788402][137.0771702][137.36988355][137.97738411][138.59255142][138.16275858][137.77471187][137.30729039][138.87575894][135.87818139][136.1607978][139.25868255][137.90245406][136.65657148][137.02440328][136.96005512][136.57581478][136.44078115][136.65772621][136.69098725][135.34047279][134.07499059][136.33556605][137.25839852][138.93387398][140.23112666][141.43798471][140.99007711][138.94240325][138.16214579][137.52374786][138.05426256][138.03180679][139.37787823][139.2575622][140.18411995][140.78209438][139.4905894][139.57261498][140.73564365][141.43213715][143.10749093][145.37641645][145.10353303][146.10927965][147.3479507][147.03380405][147.81725355][146.80564106][143.73965015][141.34549719][147.08439623][143.36253973][142.76583][143.11119826][144.32473088][146.69608447][148.53070621][148.24473854][148.18276079][146.99413328][147.69079039][148.82913246][148.22557504][154.50243875][189.68461947][164.20722303][164.27963333][161.15031003][158.12003348][162.78490117][156.68325917][159.90708782][159.56246781][161.77057698][173.39713209][163.59262004][164.44800573][164.6784463][162.34259209][162.43599019][163.64424554][164.11978117][164.0045051][163.05921018][164.00335154][163.48841399][163.64822893][163.0197682][161.60623158][162.39262489][166.04150805][166.51786551][165.03574666][164.71956616][160.3930393][160.32178763][161.34937025][160.21751094][163.4194503][165.04006181][164.24836649][165.12572152][165.35989269][165.50442079][165.26734287][165.40081095][167.03249916][168.18229047][167.60044963][169.05973153][169.99893979][174.03487782][179.53442377][183.17067406][181.71496469][183.49053312][183.07518484][179.84894566][181.41212959][184.26973555][185.25433209][183.65815272][179.15223555][177.6898697][181.3897229][181.07105344][184.73406179][185.95658721][185.61301503][183.75361187][183.19118087][182.23469324][185.13570771][186.70235269][188.64043716][189.82667504][189.01940141][189.89712368][202.01142203][206.30647282][214.037279][214.54229267][217.05300305][220.04341723][223.29210191][223.12512924][220.88463012][213.16826424][220.85210457][221.77489215][217.22869434][211.19362972][206.88835371][207.72878495][208.44133319][210.03414984][209.93554131][212.54384484][214.1240185][214.67493535][213.10440012][209.97225154][205.24431081][205.53944051][203.42424632][200.80007595][202.0682537][203.28896844][205.97889605][206.82513053][204.95406335][203.49580489][197.08927373][191.53920094][196.92112801][195.83836541][188.4450888][188.68581602][190.87463281][196.44356601][196.28372384][198.76910833][203.94722746][201.89963816][200.82885967][198.15613837][196.84370976][196.23668783][201.40348291][205.06719554][203.1627489][202.68573566][202.42793454][200.21083906][197.66610943][194.20328093][198.94689098][202.97048956][204.09081881][202.53893914][204.09719463][205.18968392][204.2666171][204.52167304][208.337281][210.35798558][211.32292919][210.51093985][209.31251585][209.41584561][209.60710319][211.00863953][210.00719586][207.36837719][205.8106753][205.42968014][204.87159244][205.73462529][206.32804876][205.91481759][207.30024602][210.65741883][214.03704473][212.71239368][213.27220886][217.3663162][219.22680767][218.28196793][219.67661285][220.0778573][219.91246202][222.14231435][219.50951201][217.9111306][217.35695273][215.25888897][213.44906295][211.90292957][213.46306312][216.36393654][216.02296842][215.3848989][212.4038048][213.17357394][213.24271975][213.38071846][215.17076836][215.21851374][214.39518882][213.17392577][211.44907321][212.08155193][210.37059854][212.39799279][213.28255376][211.07802471][206.80252296][202.82431864][202.22592318][202.09014996][200.54717046][203.67328879][207.57707323][212.11107004][213.61000426][217.55179341][218.93041083][222.50972762][222.64425298][223.33243422][223.22650344][222.71150176][221.65799319][222.46873373][223.78397831][225.18160809][225.78680157][225.93916543][226.77920313][228.2007474][226.18324456][227.3509268][230.03313669][229.60405933][232.29201827][232.825368][233.77848593][236.58391318][233.15368327][234.94010623][240.16469498][241.44227548][239.44450699][239.04209998][237.52689379][235.15570991][232.96383873][238.53093962][239.62756387][238.20902538][239.96675885][239.92905133][235.23301705][227.5163067][219.86280493][213.48977963][216.24654461][221.76480942][221.8073699][226.5517735][228.0681993][231.41335335][233.9670445][234.1449055][234.57592849][234.05417858][236.16586608][239.78624279][240.44048966][240.95741271][245.03577209][245.23580036][242.52681515][240.5841312][239.44913766][238.50217551][237.52974436][238.06666555][242.77030824][255.8907165][260.94166279][256.25371536][254.75470075][258.18744963][262.73856963][263.87891995][263.49170676][259.81578106][256.15083404][258.20172652][259.84190436][259.93167935][259.27512597][255.71277649][254.56254943][255.47938989][253.28888563][255.34340268][254.04352386][253.03443863][258.2863491][258.26689509][256.6805913][253.32973712][249.70871448][249.95293708][252.50597977][253.35618192][252.8176368][253.59379613][251.18676243][250.70895587][256.22716647][261.44946003][262.62647045][266.50340665][265.4949526][259.86590082][259.15210681][259.54956354][261.80906137][265.81599148][269.54365921][270.74690329][274.49514189][273.37968097][271.26522907][266.55808837][262.61579738][260.95887089][260.94925355][259.92135466][264.84953825][268.37954774][266.86437698][269.71640697][271.25777506][272.78814929][275.80120739][278.8736392][278.74029642][278.59085484][284.85462858][285.81450146][282.29378728][282.64232617][281.5078803][282.23596846][286.54043364][287.27425829][286.80645052][287.4892121][284.39936092][283.3945209][280.96938624][283.64327779][288.17512766][289.25150948][293.96400422][297.89550337][301.87312486][303.53174364][306.17989544][305.08230541][303.18800829][296.31947973][291.70679569][293.56336567][296.59231955][292.10550152][288.93651132][289.07764346][288.5665947][288.33646293][287.77504546][285.94510998][285.18164205][286.08539282][287.58443687][290.27097652][288.05929856][286.67524752][287.81356446][287.45911906][285.89145138][287.70450947][287.94769344][283.78959788][277.91604119][279.23469648][277.78313238][279.3960162][281.74194357][280.09824367][277.06907894][278.52789119][284.25362035][294.38463898][289.70908725][288.19452289][288.38742057][288.11199184][287.30475232][288.32116529][289.19513479][290.62558638][291.99712645][291.39247759][294.618185][301.59018247][301.01651122][299.67920234][297.54715602][296.69937007][295.79226669][293.86533446][291.7741761][288.23684821][290.85530539][292.52652064][290.83093421][290.62814599][289.33149628][290.17247994][292.45427843][293.15933354][296.40079226][300.60762039][301.21277033][299.68950018][298.74217906][292.72439086][293.15741284][297.78812417][298.48007019][296.37864828][297.50073342][293.26124317][294.27605717][299.95900268][306.31018444][309.3014851][310.16114744][308.70746196][305.77158996][306.98689617][306.94700372][304.8830563][305.19612935][302.49215174][318.88463147][323.61696154][325.4556465][322.32308222][318.82202173][322.96404047][322.36255998][323.82019215][319.84065503][309.7101658][312.21424994][308.55649433][305.50014912][305.70994082][304.58568621][308.19633496][310.58002378][307.99448392][303.43391166][292.15566548][284.05804458][290.09082361][293.93072222][301.73298021][300.16679827][298.70177844][289.09218764][290.40717542][291.95862172][286.53349071][290.03094527][291.0016043][286.17715153][285.38966332][286.54731292][292.27248627][293.7686723][294.12728417][287.50481994][285.3265441][278.82025601][280.45695838][280.47084984][279.3040083][260.948331][250.08608922][260.30117962][270.4043358][276.28196167][276.92189365][269.03501438][264.16204579][266.30557266][269.28752988][266.071129][262.81595425][261.77407437][262.71340546][269.81192316][268.9903022][262.4785568][257.40482378][249.94070789][259.47122513][263.48208913][272.97085129][278.05535374][300.04253082][301.26386992][303.14879958][303.13339216][301.05831259][300.00891682][296.99423336][290.26579516][293.96225766][300.34639542][296.93178982][291.86285235][290.71457844][290.19360857][297.31983119][295.07521337][301.99667345][295.5012599][298.24682829][307.00224885][309.69954033][306.69601881][308.58259276][309.51056307][305.20598959][305.0116707][305.80765823][301.86030648][299.42600319][297.29704185][293.08421531][293.00117661][296.39683388][298.13201194][300.13048534][298.64275165][299.3452704][300.57309476][301.36088242][300.69563832][299.85644513][302.68075305][304.49269666][302.92008112][297.69016369][298.77579263][295.1294163][293.06945779][293.23705083][290.29931297][290.19119815][285.4550336][286.02272286][284.71648132][287.12122415][283.46892393][287.7106075][290.56860062][288.03422578][286.59942701][283.98881898][279.29069134][277.1720755][274.96253504][272.51190138][272.69131492][267.08140485][266.18452708][262.2344995][262.48402945][270.47099714][266.88452142][271.13493634][275.6638408][277.4906978][272.8588302][269.87442419][275.41085181][278.37004586][276.86546893][283.73478972][289.76546345][285.35446181][285.61839099][285.4142187][282.15641675][280.08763049][278.85497257][278.16230716][280.30356333][282.67079985][286.73834016][286.27854351][278.80014004][270.898365][266.13274671][264.90806938][265.1115181][269.57834507][271.65768641][271.27866714][270.25607274][267.11137417][267.42701715][265.75810692][260.940835][266.82454426][230.0076271][237.0644962][238.79010094][236.29847333][229.16650521][221.59317769][217.73650996][215.59653868][214.44822045][214.67947653][219.88939729][223.37335992][223.79836113][224.24621626][222.52416449][219.29791597][216.40690843][216.49847311][214.32719682][214.38080196][212.82359459][210.89811724][209.6409556][203.39467767][209.35138758][221.21817175][221.66475744][217.81732846][218.57273943][221.35232476][222.40336913][224.16702328][223.79413596][224.55688823][223.62034663][224.02246961][224.92885027][225.95821398][229.95978562][234.50617088][235.1835916][240.06346925][241.1848002][241.34555347][242.21211516][244.04081782][243.1833288][238.1771477][237.36829114][237.80395598][236.89067436][233.13320645][231.48556458][232.78495974][230.42670364][226.6539819][227.72606153][222.71016849][218.47743318][221.46982807][227.00865545][226.36066379][228.34286449][230.15404646][231.06745321][232.1218147][234.77211704][234.72712484][234.3504827][236.80890388][238.43491446][238.81156979][238.32303885][237.85681316][240.18140581][241.80638856][242.92278033][243.21012429][242.87034723][250.2992668][251.69676117][248.21855878][248.30440458][247.6651703][246.96109838][247.79718655][247.63742409][243.38501422][244.83410835][245.76702147][247.2297952][244.94425412][246.81723236][246.79232182][247.68822805][247.44960014][247.03869737][247.38507625][247.46882979][244.44326484][235.58569426][232.53865525][232.44919764][231.74082803][231.08495746][231.810238][231.84515418][233.47507004][234.18100778][235.09154917][233.75285041][233.2363939][234.46150516][238.23288565][240.37117564][239.78844881][240.06089783][236.50996377][233.65478576][236.95323132][238.4866244][235.56564804][234.04162184][233.51333739][230.13169942][226.34984451][227.00660886][230.1512841][231.49839116][231.22394252][233.79087655][236.41227209][235.39974196][230.27032289][226.91585463][226.54497752][221.9671405][222.91056476][224.70540893][227.69475544][226.46434429][225.22423665][221.19495134][220.5150571][218.77277007][214.09004634][209.06805519][206.25354358][200.34515171][192.9369672][191.52497328][196.77191078][195.65124936][216.27881379][215.5446243][209.69687099][203.78149278][196.39695353][195.21987302][196.90078865][194.61266162][190.03945202][190.10410077][189.17293261][191.09467918][189.29921337][191.83721263][191.8631089][191.17525728][188.28423631][189.01941312][189.2695213][187.41956097][187.49534224][190.42155027][189.87178887][190.75882042][191.20772267][191.06084998][190.99761364][191.79314893][190.38271973][191.27821281][192.04466722][194.86519452][198.02013962][200.44709825][203.25760657][206.60341767][211.87609916][213.18282868][215.62960735][216.26255645][216.40434579][217.40191132][215.62424269][211.93393874][212.74909118][211.25628593][213.46395218][212.48920579][211.29020037][211.33456363][210.79410902][210.5056982][209.70151903][209.47906221][209.08481916][212.26976268][221.74345372][226.23913859][226.14478525][227.59031939][230.14056459][234.80452304][239.79300551][240.38707859][241.37826505][242.075581][243.58158039][242.46629868][241.22961182][242.02721109][241.4792714][241.02366353][240.17335916][239.85284485][239.83057428][240.05252057][240.49213156][239.33985414][238.21714334][234.61649682][235.90935161][235.15507404][235.75919032][235.65528767][234.46683926][234.90457645][235.05986108][233.45191985][232.29291026][231.40244231][229.71105644][230.33378808][231.70153486][232.98896525][234.83007585][236.03413887][235.44366599][234.14338401][233.76355699][233.2520425][233.72597925][233.26675707][233.3047763][234.73664448][234.172585][233.27457231][232.61560587][232.00981317][230.07783799][230.69302134][232.70372277][231.54724026][232.50408389][233.10099831][234.13885044][236.40371269][237.92423403][239.46791658][239.79038774][238.58329247][239.33912125][239.83421816][238.19505671][237.97858566][228.38275489][227.00988697][226.5004837][225.03773364][223.32558501][217.97415266][216.16772943][215.91919072][215.8204748][216.52828314][219.25679702][220.46071556][219.81350884][218.9837039][219.33616124][221.8374748][223.57069966][224.30217519][223.37590262][223.9343464][224.41361959][226.99009205][226.77219888][225.97760024][227.78747158][229.0144262][230.18150891][232.72551697][233.27877229][236.96248258][241.15809475][241.19626545][242.58888113][241.82796065][241.69941758][240.36848863][238.30108299][238.66026407][238.66868786][237.30126857][236.10190472][235.72592645][236.39360083][239.47926645][239.19726396][239.50865462][241.80493625][240.83697321][240.65282161][243.19430754][244.32229959][246.43637701][248.55769606][249.16754544][248.83287262][247.59270714][247.48239849][246.39869638][245.37954234][243.97283431][241.21614963][236.68946583][236.71102324][234.28922741][230.56778863][228.22294706][228.93857411][227.44675882][225.40944828][222.6280612][220.23649189][219.63296229][219.7419883][219.01964416][219.49006812][218.96117534][218.98319568][219.49006812][219.8037287][223.96026483][225.05725211][221.62465492][220.20735662][222.13606784][227.2665942][230.07794222][227.49092767][224.88413338][221.15144404][218.72672511][219.13549386][215.9176506][208.40143829][203.32180951][202.36597916][208.13978591][209.2016036][206.32164801][203.78098003][201.91963665][205.95424581][208.9861373][205.6117545][206.11262779][205.45627948][202.03751221][203.11289512][204.40557239][203.18182031][202.85325609][200.657888][197.51242684][191.23538839][186.42717873][188.26332316][187.09978738][184.44346828][180.79845126][177.83325671][176.83553512][178.51229699][178.04145365][181.63743505][178.99254582][174.73798315][174.64749778][173.52218172][173.53799995][173.30082795][171.92018978][172.77200802][173.1548806][172.12664752][173.58418175][174.08255108][172.83842273][170.70812542][173.0853652][173.72403089][172.65406571][172.08145564][176.06813506][174.70006498][172.1086141][168.82784201][164.14637137][166.79549364][165.65586009][167.13081105][171.03389417][172.17995224][170.27205875][171.10436988][172.03226105][171.49273615][170.38085501][168.00584777][166.74949664][166.55710486][164.86027475][165.42236483][164.76793277][164.46523656][167.99505339][170.82571058][170.8738687][171.73567894][171.49803531][173.86846908][173.66880795][175.27329015][176.90073342][177.27455097][177.33736247][177.72181892][179.98842962][184.13957845][188.57361164][186.4383401][185.45289836][185.38836254][187.118878][183.23774651][181.62757482][178.53009199][175.08715515][169.18411721][169.27090378][170.10646241][168.5899976][164.55651132][163.58247514][160.85008636][163.44646264][166.94811113][164.48125022][162.47159471][160.58719953][160.33334486][162.01575509][164.44929468][163.34900465][158.92004933][151.03174406][147.22695918][148.25613663][151.31520441][152.5917324][154.49848162][156.89788745][158.87068378][162.25903092][166.03034169][166.89176649][168.33133216][167.51856701][165.43439533][164.24157247][163.20593301][162.44940246][161.26164941][161.55604429][164.74481638][167.8680591][165.64576681][164.08274414][165.33918345][166.294948][163.0497892][163.00460352][163.83145966][164.82420881][166.06630873][166.51465012][166.05368218][166.89712036][166.55547785][164.09903188][159.74099601][160.21205112][159.56423031][157.35838884][160.07626809][162.01780107][161.99143264][154.11419771][153.31728728][150.6481239][149.81924046][149.79220788][147.32818665][146.9013555][151.67161671][153.68145601][155.20998402][153.99202806][155.64672548][158.60281911][160.02328217][157.52723211][155.56196387][156.16745777][155.74689909][154.78988474][152.74171465][153.05694771][152.31101753][154.5412506][154.10085346][153.4040882][155.0712313][162.47253646][167.57015136][171.40303433][170.84304775][171.1645837][172.07381444][172.8539515][170.95366578][171.44876494][174.94286732][173.21402977][173.01505358][171.87077864][170.01815651][168.23831104][167.86067157][167.83796181][166.407331][168.92363459][170.96597987][173.49367044][175.44909634][176.20059616][174.65864306][175.48315383][176.00160528][175.68922184][174.96412716][174.77333758][173.51708345][171.53002805][171.95867503][173.66125099][175.32313399][176.85983462][177.93488789][181.09553566][183.13833378][183.7673672][182.74704704][184.49653784][183.99488658][184.27871696][184.27573843][182.83087229][182.51721656][182.6255983][183.79846189][182.88487614][182.71947279][183.73420791][187.58054068][189.19914828][187.30814414][186.38312623][185.20804428][185.67786206][185.99699132][187.65768922][188.98348602][189.55551189][189.33466101][188.84366065][188.89008582][188.64009634][188.68036598][186.9915713][187.60250539][188.26964787][187.6040785][184.98238146][183.8958041][186.20004542][189.06591013][190.38158128][188.12561479][186.36364226][188.17363161][189.10428561][188.91783581][191.15884984][191.18731371][192.76006037][191.20315505][189.57507959][187.94377266][189.28843243][189.05799645][183.34197989][182.66933772][182.09750298][185.04482283][188.43903888][188.60581583][188.15872122][187.2887238][185.4785152][183.42806734][179.26258297][176.97079259][176.31706317][166.51944425][161.58096457][162.89686462][164.4975864][164.75668225][165.13941901][168.41409846][168.63722188][167.38690419][164.94674921][163.69076378][161.66939993][158.80415894][158.41351978][157.17044655][155.79902851][154.87693002][154.29530891][154.60137481][153.03564797][154.65452751][155.91761817][156.78782324][158.37406121][157.4484507][154.90391653][155.47750513][153.14274521][153.01043308][153.43072772][152.82108672][150.07026152][149.68616029][149.66527833][142.43447335][137.41015459][136.61627602][132.74036502][134.55151941][134.27084039][135.37216213][135.48006584][137.01511907][138.76312014][142.40294649][144.53213549][146.00352652][146.60891516][146.89068445][149.40894672][150.32634903][152.81663147][153.98474305][156.08952934][159.6835287][158.73957822][159.94404951][159.53606309][160.14925441][159.26385236][149.99726953][145.29498382][145.77397928][145.57385086][143.50850748][141.86025864][139.71395292][137.39146033][134.0973371][135.86254298][139.79638002][141.60135914][140.74557097][141.28455372][140.267022][141.3101179][140.63405344][138.69883992][138.89342601][138.93715678][138.99199923][138.96556508][141.50064572][142.70053449][141.71092035][141.18894921][142.67090324][145.37666567][147.54386362][149.55868495][151.00400769][151.32549972][151.59739437][152.5552168][153.80921046][154.60504579][154.64623636][148.17777626][149.19755622][149.86403296][149.6973718][148.55391378][147.94452753][148.63080676][185.96944917][147.51545684][149.46773965][152.46129588][151.24001707][149.94257132][148.17648066][147.15325446][146.91145261][146.33326703][146.89144189][145.03650936][142.0493981][141.94569702][134.29376173][145.70707113][142.32733271][146.3374695][148.57152253][150.30108149][155.59715149][147.47723557][136.04387008][147.55859758][145.54352614]
 Actual Values: 
 [81.92] [82.0] [81.58] [83.1] [83.45] [83.42] [83.5] [82.82] [83.0] [82.36] [82.93] [81.62] [81.5] [82.94] [83.43] [84.59] [83.85] [83.7] [83.06] [82.96] [83.5] [85.4] [85.23] [85.92] [86.5] [87.28] [87.7] [87.59] [87.51] [87.79] [87.12] [86.7] [87.57] [89.41] [87.8] [87.56] [86.79] [86.61] [86.04] [86.74] [86.77] [86.71] [90.0] [88.39] [86.76] [86.51] [87.42] [86.71] [85.41] [85.47] [84.9] [84.68] [82.86] [82.66] [83.8] [84.73] [85.0] [85.75] [85.77] [86.54] [87.18] [87.49] [87.92] [88.47] [87.74] [88.48] [87.94] [88.16] [88.67] [88.43] [89.92] [88.86] [87.95] [87.98] [88.3] [89.74] [88.86] [89.29] [90.48] [90.44] [89.43] [89.66] [87.82] [86.58] [84.21] [85.95] [85.01] [85.66] [86.85] [87.65] [86.82] [83.5] [83.84] [85.36] [84.87] [84.8] [85.47] [85.08] [86.99] [86.47] [84.22] [84.81] [85.55] [85.28] [86.62] [86.76] [86.29] [86.41] [87.08] [87.26] [87.13] [86.73] [86.04] [86.23] [86.28] [87.4] [84.52] [82.7] [83.72] [83.52] [83.23] [84.9] [85.94] [85.17] [85.55] [86.25] [86.57] [87.01] [86.74] [87.23] [88.72] [89.95] [91.58] [90.72] [90.25] [90.79] [89.84] [89.84] [90.31] [90.78] [91.59] [90.83] [91.13] [92.33] [95.0] [96.48] [95.62] [95.19] [97.33] [98.46] [97.8] [97.25] [97.47] [97.31] [96.45] [96.51] [97.61] [96.95] [98.4] [98.48] [99.06] [98.7] [99.03] [105.24] [105.52] [105.24] [107.06] [106.64] [106.63] [107.66] [107.07] [104.86] [107.58] [118.99999999999999] [120.31] [121.65] [124.25] [123.36999999999999] [127.8] [127.02] [129.75] [129.11] [127.9] [127.44] [123.92] [122.95] [124.2] [123.73] [123.79] [119.38999999999999] [119.97999999999999] [122.36] [124.43] [125.11] [125.46] [123.51] [126.21] [127.33] [125.22] [125.42] [122.7] [121.54] [120.78000000000002] [121.25] [122.41] [123.92] [124.97999999999999] [126.63] [125.53] [123.83] [125.26000000000002] [127.0] [127.45000000000002] [126.04] [125.42] [125.4] [126.75999999999999] [125.65000000000002] [122.79999999999998] [122.44] [125.22] [125.22] [128.28999999999996] [126.3] [126.32] [128.74] [133.99] [134.76] [135.2] [134.76] [136.0] [135.76] [136.47999999999996] [135.59] [135.72] [134.47999999999996] [133.8] [133.16] [134.41] [136.71] [134.34] [134.78] [134.36] [135.1] [134.1] [135.17] [133.87] [133.96] [131.23] [132.08] [135.18] [136.68] [136.76] [138.76] [140.01999999999998] [137.4] [136.19] [135.93] [135.42] [136.22] [137.97999999999996] [136.99] [137.5] [139.49] [138.88999999999996] [136.32999999999998] [138.42] [139.9] [139.32] [142.7] [143.5] [144.0] [145.0] [145.89] [143.69] [146.17] [143.71] [140.51] [138.8] [141.23] [140.51] [141.8] [140.72] [142.67] [147.75] [147.15] [146.71] [145.84] [146.42] [146.3] [147.68] [152.97] [155.24] [156.39] [155.14] [158.06] [157.25] [157.34] [156.09] [155.01] [157.38] [160.18] [161.36] [163.35] [163.29] [165.51] [162.94] [160.82] [163.58] [163.14] [164.68] [163.0] [163.43] [163.93] [163.46] [163.13] [161.57] [161.05] [164.3] [166.75] [165.99] [164.06] [160.15] [159.54] [161.47] [159.64] [160.42] [164.61] [165.29] [163.68] [165.95] [165.08] [165.65] [165.49] [166.0] [167.33] [167.52] [169.52] [169.56] [170.08] [179.64] [184.39] [183.67] [182.5] [186.0] [181.2] [181.23] [186.0] [186.0] [186.18] [181.34] [177.84] [179.99] [183.08] [184.78] [183.3] [190.0] [185.08] [185.18] [183.95] [183.61] [188.17] [189.06] [192.74] [189.82] [191.94] [205.04] [205.44] [211.45] [217.99] [217.75] [222.0] [225.87999999999997] [226.91] [227.61000000000004] [213.0] [222.52] [227.05999999999997] [224.96] [215.59] [209.56] [208.97] [210.30999999999997] [213.03] [210.34] [215.96] [214.55] [218.95] [216.58] [215.67999999999998] [209.07] [207.71999999999997] [207.16] [202.92] [203.27] [206.47] [205.34] [210.01] [208.10000000000002] [208.0] [200.53] [195.07] [195.01] [202.0] [187.73] [189.85] [191.01] [197.385] [198.49] [198.05] [204.0] [205.56] [204.02] [202.07] [199.87] [198.87] [203.5] [204.67] [207.93] [201.11] [205.99] [203.54] [201.13] [196.0] [198.56] [203.72] [206.53999999999996] [205.12999999999997] [206.26] [206.98] [207.72999999999996] [206.36] [208.13999999999996] [213.55] [215.46000000000004] [215.64] [211.55] [212.70000000000002] [212.0] [213.30999999999997] [214.35] [211.75] [208.22] [208.26] [207.93] [205.75999999999996] [208.99] [208.07999999999998] [208.56] [210.12999999999997] [216.06000000000003] [216.8] [215.88000000000002] [220.25000000000003] [221.62] [219.33] [222.89000000000001] [224.03] [224.62] [226.8] [224.0] [222.04999999999998] [221.9] [220.27999999999997] [217.07000000000002] [213.47000000000003] [216.72999999999996] [219.44] [220.38] [220.21] [217.15] [214.49999999999997] [217.17] [217.07999999999998] [217.84] [219.41] [218.15] [218.05000000000004] [214.87000000000003] [215.61] [213.13999999999996] [213.87000000000003] [217.47000000000003] [212.28000000000003] [212.01] [206.41] [204.19] [206.21] [202.51] [205.0] [207.15] [214.12] [216.50999999999996] [218.6] [222.27999999999997] [227.0] [226.64] [227.81] [227.34] [227.5] [224.97] [227.02000000000004] [227.0] [230.58] [229.69999999999996] [229.85000000000002] [228.84000000000003] [233.12] [230.15] [230.87999999999997] [232.14] [233.62000000000003] [234.6] [238.78] [239.46] [239.49] [239.83999999999997] [231.87999999999997] [241.8499] [248.00000000000003] [245.65] [243.5] [244.01999999999998] [241.2] [238.73] [240.11] [245.83] [240.66999999999996] [243.55] [246.75] [242.13] [236.45000000000002] [224.38] [213.94] [214.34] [224.27999999999997] [225.44000000000003] [228.79] [232.08] [233.72] [237.16] [240.0] [240.40000000000003] [239.13] [238.36] [247.00000000000003] [242.39] [246.73] [251.75] [250.2] [250.00000000000003] [246.11] [245.58000000000004] [242.63000000000002] [241.97] [242.31] [243.34] [249.86] [269.0] [264.58] [262.83] [261.28] [269.35] [271.63] [270.7] [269.34] [260.6] [264.24] [266.35] [267.46] [266.14] [260.89] [262.26] [259.66] [259.3] [259.5] [263.0] [257.76] [264.7] [263.75000000000006] [264.38000000000005] [261.75] [256.28] [254.68] [256.7300000000001] [259.66] [259.88] [260.27] [257.94] [257.16] [256.99] [268.0] [270.63] [275.29] [274.0] [266.11] [267.0] [262.97] [269.0] [268.45] [275.9] [277.65] [279.0] [281.74] [282.32] [275.12] [271.22] [268.39000000000004] [268.23] [267.45] [266.69] [274.18] [275.45] [274.79] [279.15] [280.18] [280.84] [287.53] [289.13] [281.67] [290.0] [296.43] [292.21] [291.0] [290.25] [290.1] [293.16] [296.8] [295.93] [297.1] [295.29] [290.08] [290.51] [290.57] [294.74] [298.26] [300.58] [308.34] [308.5] [313.0] [316.55] [316.17] [315.64] [309.26] [298.0] [300.91] [307.82] [303.52] [299.5] [297.92] [296.79] [298.4] [296.68] [295.93] [293.48] [294.65] [294.4] [299.33] [297.5] [294.3] [297.77] [296.89] [294.62] [294.16] [298.34] [296.95] [281.9] [286.35] [287.27] [285.17] [290.19] [290.45] [287.05] [284.0] [291.88] [305.77] [300.0] [298.18] [298.15] [297.46] [297.18] [295.41] [299.45] [298.16] [300.52] [301.0] [300.22] [308.46] [313.7] [310.0] [307.88] [306.92] [306.21] [303.41] [302.94] [297.89] [298.73] [302.24] [301.27] [297.83] [298.06] [299.5] [299.78] [302.0] [305.0] [308.2] [311.98] [309.25] [310.24] [302.81] [301.29] [306.86] [309.19] [304.17] [307.58] [304.94] [303.0] [306.08] [314.95] [318.23] [321.61] [320.13] [316.84] [316.9] [317.75] [315.0] [316.13] [315.62] [330.99] [328.12] [335.21] [337.08] [328.5] [334.17] [334.62] [334.52] [337.0] [320.2] [323.63] [320.0] [316.0] [314.0] [315.3] [315.0] [320.25] [317.74] [316.13] [301.7] [280.99] [300.7] [299.77] [310.0] [311.51] [310.85] [299.03] [298.84] [301.8] [294.36] [298.1] [303.73] [293.75] [293.6] [295.99] [298.43] [302.59] [304.76] [296.48] [297.5] [282.83] [287.76] [286.45] [292.07] [274.14] [254.5] [258.47] [270.6] [278.12] [288.88] [276.64] [269.66] [268.67] [276.81] [273.75] [271.48] [265.77] [262.9] [277.0] [279.02] [272.75] [265.0] [257.85] [258.04] [263.85] [270.49] [284.24] [310.4] [310.0] [310.99] [315.76] [313.44] [308.59] [309.43] [299.63] [297.0] [310.0] [307.32] [300.53] [299.54] [300.89] [300.47] [304.48] [310.19] [306.3] [302.0] [312.34] [321.05] [319.36] [314.12] [321.95] [317.33] [313.84] [316.19] [311.99] [309.26] [306.54] [303.02] [302.07] [305.13] [306.43] [309.03] [308.81] [308.74] [310.93] [311.76] [310.0] [310.89] [310.38] [313.36] [313.26] [306.5] [307.89] [304.83] [299.84] [304.19] [300.22] [301.36] [297.64] [286.64] [290.74] [297.3] [286.39] [294.57] [300.95] [297.87] [296.19] [293.75] [291.1] [286.36] [283.4] [278.09] [282.0] [275.81] [270.83] [270.6] [263.08] [274.05] [272.56] [277.3] [283.42] [287.0] [280.58] [278.7] [279.56] [285.99] [285.48] [285.42] [298.99] [296.25] [293.17] [295.34] [291.0] [289.14] [285.89] [287.98] [287.86] [292.49] [290.53] [296.54] [289.53] [282.27] [273.35] [274.02] [268.8] [273.61] [276.06] [278.13] [279.44] [275.51] [274.53] [276.45] [266.53] [268.86] [230.09999999999997] [236.39] [246.17] [244.88] [237.0] [226.89000000000001] [222.52] [220.91999999999996] [217.56] [215.3] [221.3] [226.73] [228.28999999999996] [228.11] [228.12] [225.08] [219.93] [220.9] [219.01] [216.69000000000003] [217.59] [214.16] [214.615] [208.98] [208.23] [223.49999999999997] [224.73] [223.99] [221.04] [224.09999999999997] [225.0] [227.19] [228.5] [228.13] [229.5] [227.66000000000003] [230.13] [226.65000000000003] [232.99] [241.99000000000004] [235.98] [243.5] [245.92] [247.00000000000003] [244.88] [249.66] [249.68] [245.15] [240.05] [241.64999999999998] [244.1] [238.47999999999996] [237.64000000000001] [238.3] [237.12] [231.05999999999997] [230.94] [226.49] [225.03] [222.55] [230.80000000000004] [230.99] [231.78] [232.99] [234.32] [236.24999999999997] [238.96] [240.14] [239.49] [240.2] [243.59000000000003] [245.68] [243.00000000000003] [243.37] [244.00000000000003] [247.00000000000003] [248.5] [250.00000000000003] [247.37] [249.55] [259.75] [255.67] [253.5] [255.00000000000003] [252.51] [254.26] [254.00000000000003] [249.25] [249.00000000000003] [249.93] [252.24] [252.00000000000003] [251.25] [252.06] [254.00000000000003] [253.87] [253.21999999999997] [253.29] [253.85] [254.00000000000003] [243.00000000000003] [236.68] [238.0] [235.52] [237.0] [235.22000000000003] [237.5] [236.51] [239.12] [238.01] [239.58000000000004] [234.80000000000004] [239.11] [240.01999999999998] [244.08] [245.23000000000002] [245.61999999999998] [243.94] [238.78] [239.92] [242.49] [242.2] [238.42] [239.25999999999996] [237.05] [231.23] [230.0] [233.34] [235.99000000000004] [234.1] [238.44000000000003] [238.93] [241.42999999999998] [237.32] [228.75] [232.25000000000003] [226.97] [225.34] [228.98] [230.07000000000002] [231.25000000000003] [232.02000000000004] [225.18] [226.42] [222.89000000000001] [220.05000000000004] [214.43] [208.39] [204.0] [198.03] [190.0] [197.97] [197.54] [223.42] [220.52] [216.0] [209.13999999999996] [200.34] [197.79] [197.22] [199.37] [191.58] [193.99] [186.94] [193.88] [191.34] [194.03] [193.31] [194.3] [190.0] [190.06] [190.75] [187.91] [188.93] [189.31] [191.5] [190.99] [193.91] [192.91] [192.11] [193.78] [193.0] [191.07] [194.13] [193.91] [199.34] [201.01] [203.69] [207.6] [214.15] [216.78] [216.49999999999997] [220.0] [220.08999999999997] [220.36] [220.49999999999997] [213.84] [215.76] [214.4] [216.49999999999997] [217.0] [214.76] [212.43] [214.99] [213.70000000000002] [214.30999999999997] [211.53999999999996] [212.98] [209.90999999999997] [219.0] [228.72] [230.0] [228.76] [235.0] [236.09] [241.83999999999997] [245.5] [245.9] [246.66] [249.1] [249.33] [246.13] [247.35] [247.25999999999996] [245.5] [246.11] [244.00000000000003] [245.75] [245.94] [245.94] [244.06999999999996] [244.76] [239.99000000000004] [242.04000000000002] [240.31] [240.53] [241.37] [239.49] [239.44000000000003] [241.22000000000003] [238.9] [237.98] [237.05] [234.21000000000004] [234.13] [235.35] [235.34] [239.38] [240.60999999999999] [241.47999999999996] [238.92] [238.76] [237.93] [238.44000000000003] [237.77] [237.62000000000003] [239.44000000000003] [239.39] [238.92] [236.76] [237.82999999999998] [235.0] [234.85000000000002] [237.33] [236.28999999999996] [238.0] [238.12] [238.91] [239.9] [243.09] [244.00000000000003] [245.61999999999998] [244.24999999999997] [244.2] [245.9] [245.00000000000003] [246.05] [235.12] [230.77] [231.08] [230.13] [229.73] [222.75] [220.62] [219.43] [218.97] [219.76] [221.37] [224.33] [224.41] [222.8] [222.67000000000002] [224.42] [227.69999999999996] [229.31] [227.27999999999997] [228.85000000000002] [228.21000000000004] [230.0] [231.99] [230.35] [231.36] [232.12] [234.57] [236.56] [237.35] [238.91] [245.00000000000003] [247.27] [247.00000000000003] [247.71] [247.37] [246.78] [244.27] [244.00000000000003] [243.37] [243.01] [241.93] [240.74] [240.56] [243.25999999999996] [245.33] [243.6] [246.79] [247.33] [245.73] [247.42000000000002] [248.99000000000004] [250.53] [254.00000000000003] [254.61] [255.98999999999998] [254.3] [254.1] [252.23000000000002] [252.3] [248.00000000000003] [249.53] [242.69] [241.97] [239.74] [237.34] [231.93] [233.64999999999998] [232.69] [231.12] [227.89000000000001] [224.4] [223.88000000000002] [223.49999999999997] [223.39] [223.94] [223.9] [221.82] [223.94] [223.43000000000004] [225.11] [229.88999999999996] [227.0] [224.85000000000002] [223.76] [227.32] [236.01] [233.0] [231.0] [226.4] [224.25000000000003] [221.43000000000004] [222.08] [211.74] [208.30999999999997] [202.5] [210.11999999999998] [212.01] [210.02] [208.0] [204.6] [205.75999999999996] [212.85] [208.29999999999998] [208.0] [209.50000000000003] [205.88] [203.5] [207.30999999999997] [207.45] [205.19] [205.55] [199.01] [196.01] [185.0] [190.59] [188.65] [187.25] [182.95] [179.82] [176.22] [178.99] [179.53] [176.59] [182.3] [175.95] [175.0] [175.0] [173.0] [174.0] [172.39] [171.77] [174.82] [171.52] [173.2] [174.0] [174.75] [171.25] [171.0] [175.0] [173.59] [173.09] [176.0] [175.61] [173.83] [170.3] [163.3] [164.94] [166.06] [166.11] [168.75] [173.11] [171.0] [169.39] [172.24] [171.77] [171.01] [169.49] [165.41] [167.78] [164.53] [164.42] [164.94] [164.61] [164.05] [172.0] [171.2] [172.43] [172.96] [171.49] [174.6] [174.49] [177.62] [176.96] [179.45] [177.27] [180.87] [181.0] [190.5] [188.39] [186.98] [187.24] [189.94] [184.15] [184.34] [179.98] [177.74] [171.9] [166.3] [168.93] [170.64] [165.04] [164.04] [161.25] [157.19] [168.14] [164.35] [163.07] [160.25] [159.7] [161.53] [162.11] [164.7] [160.9] [150.76] [147.18] [143.42] [149.25] [149.28] [153.96] [154.96] [157.59] [159.19] [163.24] [167.22] [166.8] [167.99] [166.37] [163.8] [162.52] [163.44] [161.5] [160.87] [161.0] [167.08] [167.35] [163.21] [163.47] [167.43] [164.0] [162.86] [163.02] [163.64] [165.94] [167.45] [165.68] [167.3] [167.6] [165.47] [159.19] [158.76] [160.46] [156.81] [158.0] [161.2] [166.0] [153.2] [152.13] [150.79] [147.8] [149.25] [147.25] [144.01] [147.15] [151.9] [153.62] [153.73] [153.55] [154.59] [159.99] [158.52] [154.39] [153.98] [155.85] [153.6] [152.37] [152.22] [151.7] [151.73] [154.68] [151.24] [152.5] [159.45] [162.97] [171.5] [170.71] [171.9] [170.4] [173.75] [170.94] [170.34] [173.96] [174.34] [173.83] [173.37] [170.39] [169.07] [167.46] [169.0] [165.78] [168.57] [170.43] [173.0] [174.86] [178.0] [175.63] [175.83] [176.06] [177.18] [175.63] [175.5] [174.95] [172.1] [171.79] [173.06] [175.0] [177.39] [177.39] [179.61] [184.15] [184.46] [182.8] [185.47] [185.63] [184.88] [186.1] [184.41] [183.55] [183.47] [184.07] [184.0] [184.07] [184.17] [186.13] [190.75] [189.39] [188.5] [186.71] [187.53] [187.04] [187.75] [189.84] [190.61] [191.79] [190.17] [191.03] [190.0] [191.2] [188.39] [187.85] [189.89] [189.53] [188.0] [184.19] [186.61] [187.85] [192.6] [190.11] [188.32] [188.16] [190.46] [189.92] [191.86] [192.68] [194.93] [193.93] [191.77] [189.48] [189.62] [192.87] [186.24] [184.74] [183.25] [184.4] [187.76] [191.28] [189.29] [189.73] [185.64] [187.39] [179.0] [177.82] [178.77] [169.71] [162.27] [159.03] [165.17] [163.3] [164.98] [167.1] [167.9] [168.66] [165.78] [164.01] [163.38] [157.04] [158.22] [157.09] [156.0] [153.53] [153.39] [154.26] [151.78] [152.87] [154.62] [155.99] [157.7] [158.09] [152.0] [155.48] [152.28] [152.9] [151.8] [152.28] [149.02] [147.46] [149.37] [142.97] [135.0] [135.2] [129.99] [130.63] [131.28999999999996] [132.84] [133.1] [132.19999999999996] [135.86] [137.5] [143.47] [143.1] [145.87] [144.6] [145.36] [148.53] [149.84] [153.23] [153.0] [157.78] [158.74] [157.82] [159.59] [158.65] [159.14] [149.69] [142.64] [143.09] [144.18] [143.88] [141.0] [137.9] [137.14999999999998] [131.54] [132.13] [135.7] [138.76] [139.37] [140.03] [138.6] [137.9] [140.19] [136.5] [137.2] [136.67] [137.47] [136.08] [138.45] [141.58] [139.33] [140.5] [135.88] [141.99] [145.4] [146.64] [148.35] [150.6] [149.36] [151.96] [150.84] [153.94] [153.37] [152.26] [148.88] [147.18] [149.36] [147.68] [147.07] [147.54] [148.0] [146.7] [146.5] [150.0] [150.16] [149.8] [147.5] [146.19] [145.73] [144.86] [144.68] [145.69] [140.15999999999997] [139.46] [140.51] [142.59] [139.15999999999997] [142.08] [145.0] [146.66] [146.3] [144.66] [144.47] [143.97] [144.94] [140.48] 
 ---------