Company Name: Akamai Technologies Inc 
Ticker Symbol: AKAM 
sentiment1: The Incredible Shrinking Insider Trading Case 
 Ban or No Ban, Fantasy Site&#8217;s Back Door Is Open  
 published on 2019-04-30 
---sentiment2: Former Chief of Akamai Joins General Catalyst as Partner 
 Facebook to Build a V.R. Network 
 published on 2015-10-15 
---sentiment3: DraftKings Leaves Door Unlocked for Barred Fantasy Sports Players 
 The Professorial Side of Leadership 
 published on 2018-01-10 
---sentiment4: Facebook Building a Network for Virtual Reality 
 Clarifying, and Tightening, Patent Law 
 published on 2017-04-23 
---sentiment5: Tom Leighton of Akamai, on the Professorial Side of Leadership 
 Uber Tallies the Costs of Its Leader’s Drive to Win at Any Price 
 published on 2014-06-05 
---
Current Value: 77.0 
Prediction: Decrease 
Perecent_correct: 0.6403162055335968 
Predicted Values: 
 [57.69046129][56.421754][55.82145269][55.79322204][56.52138112][57.88209819][58.49215825][57.35163147][57.01059829][56.07819546][55.84431628][56.3560056][56.96594495][57.31919959][58.03020833][57.32806223][57.06126153][57.03977211][56.53500143][56.97289915][57.32503851][57.26336317][57.92799957][58.08805196][58.1573716][58.17709775][58.01742698][58.26799797][58.5932463][59.09864305][60.41005363][61.24094504][61.32999414][61.3696004][61.64402785][61.93359513][62.99969163][63.93700636][63.88555626][64.22896633][64.30896235][64.79564594][64.93462542][64.34895852][64.20780996][63.95625695][64.07591023][64.41268657][64.76845991][64.92168022][64.94950807][64.15479125][63.68969926][63.116618][63.08925464][63.64361119][63.22771079][62.63311188][62.06952806][62.18468982][61.98635194][62.09924546][61.96178962][62.79777131][62.77642578][62.80142449][62.98941162][63.42869672][62.59033145][61.66629736][60.73828741][60.50620403][60.02472847][60.26825595][60.50728318][61.22438082][61.02240527][61.57402855][62.03462965][62.70282845][63.46864182][63.80295603][63.84583715][63.94422249][63.81897709][63.55800813][63.59166519][63.85882451][63.22383414][63.48137097][63.7019744][63.58737183][63.72390893][64.35450131][64.73321159][64.57613609][64.65914259][65.16678224][65.39678631][65.03634898][64.84470535][65.30189113][66.47131841][66.57267786][64.83209698][64.05817214][64.2194885][63.90651711][63.04135338][62.59525995][63.08020752][62.25692092][61.54800127][62.50931253][62.82953468][61.68379017][61.75518537][61.97447274][61.01559727][59.69479407][59.66393693][58.44986302][56.81561268][57.60075925][57.53298028][58.37557326][58.2299292][58.17372578][58.53476598][58.66061435][60.03604209][60.16955741][61.68644676][63.81619697][63.28296981][62.82875072][62.70541068][62.58898158][63.03822265][63.82416212][64.09127319][63.93514652][63.86507227][65.01540141][65.48961054][65.11178342][64.82569602][65.25914973][66.58588615][66.84308937][66.95382148][67.02104933][67.41030247][66.53478796][66.1415578][66.1722346][66.67411806][66.91392279][66.18251262][65.17217624][64.88327826][65.08139159][64.35264325][64.15356118][63.5620183][63.98928876][65.2862139][65.84996464][66.53010193][67.18928172][67.25108376][67.38237149][67.03094377][67.05506714][66.70073261][66.29195463][64.85733213][64.58309004][63.64143127][64.34832047][64.24215709][64.17158266][64.47238836][63.25841607][62.64925171][62.11718302][62.82871245][63.05030517][63.53934138][63.93782982][64.16475918][63.56141016][63.26572657][62.68395333][62.17724019][61.71311804][62.73434464][63.2979421][63.5610836][64.06967394][64.10063752][64.83540926][67.28581909][69.02031059][70.8419339][72.26076346][72.52487024][73.25655272][73.77525965][73.37533681][72.51901407][72.22230998][72.03333739][71.8200379][72.86428754][72.3505856][72.69250284][73.51209902][72.77408058][72.14530912][71.62406768][72.38354871][72.97190705][73.19327975][73.8758342][74.07848432][74.61134078][74.89704206][75.2038445][75.17578087][75.05690816][73.96196782][72.89360473][73.38898232][74.00506018][73.53520161][72.92392961][72.89237777][73.12250335][73.42309866][73.66435155][73.67453407][73.49616769][73.66520016][73.44294167][73.49635029][74.12998785][74.01733757][75.02791932][76.75762458][77.69155752][77.95518158][77.8823475][78.47890053][78.50502392][76.5479247][76.30449472][76.30613801][76.95011642][76.98961171][77.21729648][77.1248776][77.98254826][78.09360241][77.59340126][78.06900521][79.42232071][79.72994297][79.53963699][79.16614809][78.93035078][79.09805906][79.25765743][79.00557202][79.23911784][78.99773348][78.35119697][77.77880031][77.24425796][77.74682519][77.33687142][76.97137909][77.1254535][75.28976389][76.14966685][76.42378544][75.80157283][74.72000243][74.84469505][74.99518634][75.19706192][74.94383731][75.06547656][74.75666562][74.07506709][73.60989128][73.41686636][72.32406133][72.20942558][72.71278025][72.49785483][71.8933177][72.34402637][71.80882262][71.99390542][72.40563647][73.42368339][74.36055728][74.43460147][74.60252266][74.80805963][75.15836363][75.19822863][74.81415279][75.48526066][75.40089224][74.13406471][75.17190019][73.69908556][76.39165641][77.96676134][77.84856977][77.65845685][77.91872161][77.25514811][76.42606791][76.94105242][76.01110565][75.51222847][75.95442312][75.47319427][75.34700021][75.90527822][75.51974356][73.65546094][71.38036303][69.0865213][70.04269892][70.24732602][72.37412222][73.59369419][73.69287351][72.72114501][73.54251156][75.24009807][74.51325132][76.0212442][76.36045746][76.16818588][76.61312719][76.45362058][76.87627917][76.5207795][76.80043756][75.28517078][74.37621561][73.33175345][72.7240134][72.25003056][72.81612426][71.90546541][70.35892338][71.27738304][71.44946469][71.81275602][73.88806142][74.28070514][75.19354637][75.54617938][75.6910139][75.28619846][74.1690016][73.19599735][73.46529932][73.54302742][72.75797675][73.65506813][73.93257894][74.73779585][75.92947729][76.73326095][77.4160416][65.49125346][64.43194301][64.55524546][64.4462252][65.57996899][65.77172652][65.05112142][65.12064425][64.98030186][64.79947381][64.70773945][64.13218341][62.92871482][62.12652257][62.23156379][62.26142032][62.74346945][60.85300709][60.50299365][60.12284842][60.81187803][61.11543815][61.11897396][61.13118694][60.42459658][59.28000442][59.4797097][59.47961639][58.72692797][57.61092072][57.32469553][56.46509931][55.77246677][55.56108431][56.59626424][56.86292899][56.24322718][56.42837559][56.55069304][56.79431205][56.88981612][56.7882796][57.09196876][56.79487476][56.5650728][55.81037162][56.00118036][54.83402817][53.29970028][52.55075215][51.57572389][51.10679657][50.9764843][50.82121997][49.36438432][49.51885539][50.05503553][50.88683572][51.31855447][50.59599037][50.30967304][49.70176202][48.79446773][49.25456035][49.65414937][48.5896348][48.46142905][49.03663471][48.18397048][46.63724557][45.16594983][52.07208975][52.52452684][54.21651068][55.97578624][57.08876026][57.80735498][56.65021117][58.0418256][57.76326254][57.92773494][58.40019811][58.78656471][58.37725583][58.58042005][59.33145751][59.16106471][59.11144979][58.83862275][58.33635013][58.64236153][58.5327324][59.23958785][59.00753778][58.33006315][58.80172141][59.23959607][59.816936][59.50937996][59.88319662][59.49899847][58.32058114][58.54146984][58.57471454][58.94059781][58.85357553][58.64230639][58.84782693][57.41155474][57.7189808][57.75824427][56.88168719][55.90604125][54.86155418][55.22486118][55.53819016][55.1955471][55.14818055][55.53563281][55.15201211][55.1979162][55.12768489][54.82074106][55.80982698][58.26846733][57.4280991][55.55156715][54.7188218][54.3529545][53.57378027][53.63215784][53.61304309][53.91356458][55.17238633][55.17439502][55.02332451][54.69892568][54.92163131][55.04045877][54.88234182][54.65256871][55.30170415][55.30240894][55.96325611][56.76502253][57.18302831][57.73218378][58.06312226][57.83927733][58.12094012][57.69946662][57.8328724][58.20236774][58.5322799][58.6112607][57.71002283][56.24340902][56.11987311][56.90113129][57.00233065][57.18429506][57.82438714][58.08748586][58.31467134][59.83953236][58.14802638][55.907411][56.42625423][57.66715003][58.94509769][59.24664788][58.39215205][58.18224205][58.53685182][59.51538506][60.06206725][59.90868641][60.35271155][60.93814026][60.84633208][60.80299807][60.78154534][61.02037604][60.95386427][61.03563783][61.2136784][61.36686836][54.81554884][54.53435832][54.45325492][54.4132299][54.18095459][53.61998914][53.35445551][54.22588021][54.43228619][54.25115109][55.19686542][55.63684202][55.90302373][56.01879693][55.89376817][55.97916635][56.08967277][56.35579189][56.53379457][57.19285449][57.548347][57.83598408][58.6851625][58.61803763][58.59066085][58.44020776][58.42765217][58.90001161][58.93197236][58.40163292][57.42939294][56.68194719][56.51981341][56.04440605][55.65488006][55.1886745][54.93758245][55.28038935][55.5571058][55.67546002][56.31058174][55.98238992][55.63320609][56.08612649][56.15425409][56.39045602][56.53992524][57.03149149][57.87576654][59.02790635][58.91919309][58.62432348][58.82636667][58.35550013][57.72284009][57.79318017][58.34543401][58.26822773][59.32885481][59.90180823][60.02288482][60.64611297][61.80467024][62.19723713][69.3240744][71.26246671][71.81016609][72.31132209][71.32192279][70.24563957][69.61757448][68.91264172][69.5745955][68.99154372][68.70119594][69.37861556][68.40820341][68.26546181][68.40971154][68.36603335][69.09555321][69.10501345][69.31610301][69.19607654][69.2277489][69.35285534][69.00414654][69.58615063][69.61728205][68.09054767][66.51199119][66.98712086][67.42205045][68.25511984][68.84429024][68.51494997][67.28806932][67.83617295][69.88392199][69.95050012][70.24891074][70.13439498][70.80519912][70.99688177][70.45430789][69.98724116][70.42243809][70.29789399][69.77975458][69.61731692][70.14699185][70.4849857][71.43624597][72.12966691][72.23673308][72.46041638][72.94881931][72.30134321][72.43320489][72.10508915][71.96724641][71.63977256][71.64870269][71.11644691][70.38616034][70.97092026][70.70230309][70.41648023][70.43516724][70.69793314][71.053853][71.4426244][71.99802671][71.81050452][72.98096396][68.16109242][66.79139358][66.73596433][66.71196698][66.53706523][66.49659223][67.08854453][66.11230112][65.57457196][65.68755882][65.75559384][65.56498194][65.71235806][65.64217097][66.03386854][66.56739047][66.23957719][65.93613737][66.38092214][66.31295786][66.76933196][67.11927384][67.36428026][67.05269684][67.00233987][67.40718309][67.67981148][67.58793581][67.33010316][66.27590707][66.64127269][66.63824709][65.91767725][66.07398652][66.22717459][65.41837745][63.39351555][62.37074048][62.08329093][62.36960224][62.27451731][61.65235562][61.71309408][62.07147238][62.05325776][62.06260032][62.14238339][62.12068885][62.60149669][63.22385589][63.39870551][64.25344134][64.59046544][65.01955234][63.1938786][63.55114909][64.40064985][65.07746542][57.3844948][56.9146848][56.24659651][55.19985188][54.32759737][54.09209999][53.74212437][53.487997][53.65620166][53.67572318][52.35523851][51.45040447][51.45593002][51.79916577][51.75059375][51.71955739][52.04426703][51.86728892][51.50803672][51.46243704][51.95485236][52.61758031][52.74284049][52.73744241][52.54695683][52.73669634][52.79322519][52.92299871][53.91441076][53.54661864][53.05245219][53.22387025][53.71508274][53.16386438][53.04309689][53.78484812][54.73753246][55.01144486][54.41421334][54.35792818][54.1375167][54.1075147][54.13776905][54.52626068][54.03149841][53.5098037][53.45387282][53.75751324][54.30587134][54.25750474][54.29961321][55.40910105][55.38797548][55.66949544][56.01598098][55.93345947][55.97605005][56.62542248][52.44754684][50.36832737][50.84274133][51.20150758][51.5692704][51.54167163][51.93684768][52.11824975][51.77531652][51.4254099][51.52344134][50.94804756][50.58262046][50.99020626][50.85283064][50.60424268][50.22193717][49.75843856][49.42453596][49.77613318][49.77368717][49.67575585][49.53801021][49.38118244][49.66577975][50.38291759][51.12167878][51.39194705][50.78556528][50.80282238][51.01478614][50.74592979][50.58552907][50.84594531][50.87683432][50.72346289][51.16128052][51.65517141][51.78083718][51.77473279][51.69515891][51.99164409][52.22254979][52.11831122][52.00177913][51.69796403][52.34713102][53.66513744][54.23226912][54.35813398][54.52652871][54.51449161][54.29703974][54.71953374][54.11557922][54.41029733][54.54805081][54.65862059][54.499225][54.72572475][55.14219082][55.62688347][55.50782108][55.52551457][58.89912613][57.52175826][57.20302103][56.50700936][56.0622041][56.43296065][56.12353638][56.40481755][57.094375][57.45045162][57.37677256][57.3275081][57.63384605][57.47540498][57.22636526][57.41014546][58.36442267][58.85684852][58.92141296][59.04679571][59.17879313][59.29221525][58.84165053][59.25914644][59.07498499][59.05279297][59.08039318][59.76088557][59.99418847][59.41966571][59.53984199][60.0831263][60.01550553][60.23577901][60.22101251][60.20581074][60.78104673][69.17383935][69.28555675][69.66958521][68.86960571][68.40667472][68.20409804][67.96500896][68.0198807][67.99595461][68.13019932][68.30763853][68.55378161][68.36306734][68.52569583][70.02130302][69.73455011][68.07550566][68.0903456][67.81109747][67.85722297][67.79941339][68.18227077][68.15460187][68.56542171][68.78334892][69.29466451][69.9565636][69.88912754][69.26139812][69.86550081][69.73870427][69.25661638][67.37331951][65.91676484][69.43671572][66.78746067][66.65280221][67.64616573][67.34601615][68.72981771][69.66526883][69.72750696][69.36543986][69.49204333][69.09612422][69.54560809][70.74396996][70.90110847][70.74580772][70.4196555][70.95753815][71.84873131][72.42413494][72.19994696][75.52574522][78.6861798][77.38626334][76.52018186][75.28304986][76.79111451][76.33787433][75.29349956][75.29464311][75.60516653][74.55806649][73.54428046][74.02610168][73.97396086][72.89059767][73.24520091][72.49585726][72.1935921][72.18392833][74.08119014][72.89174262][72.81933765][74.22208395][73.97794397][74.26597616][74.03958587][74.02389823][74.44925286][74.86004415][74.69796978][74.37750421][73.92868659][73.82544005][73.16569371][73.59121782][73.70279218][73.87806512][75.0935702][73.55418691][73.56063767][73.86060434][74.81048952][75.63539722][77.93819728][78.75015253][78.2222143][78.54393058][78.15161591][77.4881988][77.70986887][77.49311094][78.05617783][79.05711098][78.30854893][79.17813305][78.67315958][78.1738819][77.99508512][77.56672288][77.79597681][78.40516934][80.11819068][80.32237445][79.97809869][79.90716403][80.61814241][81.63218306][82.26090909][82.5035767][82.80264544][83.50467826][83.16843013][83.61872313][83.61050079][82.6548793][80.45803815][77.22542781][76.25448203][74.21904004][75.21556151][75.79382602][76.5892659][76.07024254][76.79037107][77.86927831][77.82233849][77.79825822][79.11642434][78.86525018][79.35893639][79.7749275][80.12878079][79.75712185][80.39766456][80.80461978][81.15237132][81.52545094][81.73323256][81.97752241][79.68210507][77.29063143][73.41915086][74.9406726][76.47506999][76.93748738][77.4250384][77.97304268][78.67570269][77.57098539][74.75705372][74.44358147][74.00387566][74.15477894][73.54990999][74.40317219][74.9072538][75.08526711][75.20352435][75.41481707][76.20507013][76.67027219][76.87009079][76.84329579][76.83032408][76.58536715][76.12964578][76.04120499][76.21429201][78.27061465][78.59578199][78.25034238][78.23041911][77.83313065][77.11416172][76.47553605][76.13418252][75.97844669][76.10539803][75.15779269][75.02892814][75.02330286][74.77172794][74.89025835][74.77622466][72.8087405][72.19719353][70.39768039][69.92973721][68.38529205][67.93167363][66.75367804][65.30040799][65.81344583][66.12610904][64.90642561][68.18830992][67.82184428][67.47537004][67.67031788][66.94121715][66.51457923][66.12612102][65.36383789][65.7904402][73.98265223][75.16495365][74.50789695][74.49034485][72.67747906][71.73664029][73.35787778][74.12434344][73.72724514][72.53605402][71.68241564][71.60684186][71.38726641][71.96068394][71.74838265][69.83838792][70.30920008][70.16505385][70.78111138][70.35880526][71.5344075][71.20217467][71.18887233][72.35303643][71.90116395][71.15774414][70.62739731][69.5795111][70.46343901][70.74488507][70.29792548][68.87389369][67.58593605][67.36466565][67.12738034][65.55363623][64.71960452][62.37037045][63.31163981][64.12101845][64.83421735][64.25086561][62.23111316][61.43504665][62.39630955][63.75022671][65.08061245][66.41166448][65.80095021][65.95757104][65.55607018][66.75828162][66.45066976][67.23189075][68.27411044][67.75121779][67.26795636][67.28755609][68.01219963][67.59691883][67.44784359][67.27200978][67.76868559][62.78813847][69.07336082][70.32100169][70.42027671][69.42404831][69.26053996][70.48009324][71.61772449][72.81639748][72.80344747][73.05937139][72.52305213][72.66683178][71.79660259][71.76422219][72.4186405][71.90993752][71.76822437][71.87660036][73.03473963][73.34148781][72.76237737][73.4023997][73.05721504][72.42969235][73.63046754][74.3668686][74.71903637][74.8326392][74.85451785][74.61241333][74.66091522][74.72549805][75.0632543][74.60464638][71.18826532][72.28926197][68.11421382][74.45702535][73.83958228][74.78305346][74.9185589][68.43137626][75.50999497][75.81589465][76.19592327][76.2360765][76.77822415][77.21360248][78.34073575][78.48565833][76.84324998][88.74144857][77.32732938][78.17224972][79.04890443][79.82790134][74.86779902][81.69627061][88.23940732][81.27381335][85.48425569][82.11771135][83.58318314][91.67185204][79.59285873]
 Actual Values: 
 [53.09] [52.57] [51.35] [52.39] [53.49] [55.24] [53.03] [53.7] [52.48] [51.6] [52.32] [52.94] [53.8] [54.41] [53.84] [53.59] [53.1] [53.18] [52.38] [53.92] [53.68] [54.01] [54.72] [54.4] [54.89] [54.56] [54.05] [54.78] [55.16] [56.31] [57.45] [57.97] [57.78] [58.01] [58.59] [58.74] [60.58] [60.58] [61.19] [61.47] [61.28] [61.83] [61.44] [61.36] [60.92] [60.97] [61.1] [61.71] [61.95] [62.0] [61.9] [60.35] [59.75] [60.07] [60.31] [60.06] [59.72] [58.95] [58.63] [58.96] [58.81] [58.98] [59.53] [59.6] [59.82] [60.37] [59.55] [58.29] [58.79] [57.1] [57.16] [56.7] [57.09] [56.66] [57.92] [57.95] [57.808] [58.63] [59.47] [60.0] [60.63] [60.7] [60.95] [60.98] [60.42] [60.41] [60.84] [60.18] [60.36] [60.5] [60.45] [60.56] [61.1] [61.24] [61.89] [61.15] [62.01] [62.36] [62.41] [61.22] [61.91] [62.5] [64.38] [62.23] [61.23] [60.62] [61.48] [60.04] [58.93] [60.11] [59.51] [58.23] [58.45] [59.82] [58.91] [57.5] [58.81] [58.06] [56.34] [56.08] [54.99] [52.28] [54.0] [53.66] [54.41] [55.03] [54.58] [54.73] [55.08] [55.66] [57.09] [55.92] [60.98] [60.18] [59.61] [59.92] [59.26] [59.7] [60.32] [61.09] [60.88] [60.99] [60.5] [62.56] [61.99] [62.14] [61.0] [63.89] [63.9] [64.15] [64.23] [64.28] [64.16] [63.22] [63.45] [63.33] [64.22] [63.58] [62.02] [62.14] [61.64] [61.33] [61.27] [60.43] [59.99] [62.25] [62.53] [63.26] [64.27] [64.65] [64.34] [64.47] [63.84] [64.45] [63.48] [61.67] [62.19] [60.86] [60.86] [61.12] [61.37] [61.57] [60.41] [59.8] [58.51] [59.75] [59.27] [60.37] [60.64] [61.11] [60.37] [60.88] [58.82] [59.4] [58.6] [58.68] [60.16] [60.28] [60.45] [60.95] [61.3] [64.92] [64.25] [67.61] [68.89] [70.1] [70.07999999999998] [71.6] [71.7] [70.0] [70.01] [69.54] [69.41] [69.8] [69.91] [69.42] [71.55] [70.63] [69.97] [69.12] [69.49] [70.30000000000001] [71.04000000000002] [71.15] [71.57] [71.7] [72.8] [73.31] [72.95] [73.20000000000002] [72.48000000000002] [69.97] [70.99] [71.66] [71.5] [70.98] [70.33] [70.52] [71.05] [71.01] [71.68] [71.19] [71.45] [71.21] [71.16] [71.05] [71.75] [72.0] [74.07] [75.69] [75.7] [76.33000000000001] [76.08000000000001] [77.1] [73.51] [74.61] [73.94999999999999] [74.93] [74.62] [75.62] [75.17] [75.73] [76.19] [75.48999999999998] [76.26] [76.68] [78.2] [77.85] [77.34] [77.47] [76.91] [77.41] [77.59] [77.05000000000001] [77.32] [76.76] [76.38] [75.01999999999998] [75.58] [75.56] [74.87] [75.21] [73.22] [73.25] [74.65] [73.83] [72.66] [72.5] [72.88] [72.84] [73.24] [72.73000000000002] [72.94] [72.22] [71.34] [71.3] [70.29] [69.82999999999998] [70.30000000000001] [70.38] [69.20999999999998] [70.07999999999998] [69.81] [69.58000000000001] [70.30000000000001] [70.44] [71.72] [72.25] [72.23] [72.7] [72.16] [73.4] [72.64] [72.94] [73.9] [72.21000000000001] [72.13] [68.05] [72.68] [75.03999999999999] [76.04] [75.82] [76.06] [75.98000000000002] [74.54000000000002] [74.98] [74.69] [72.60999999999999] [73.82] [73.38] [73.01] [73.96] [73.78] [72.3] [69.19] [65.01] [68.24000000000001] [67.07] [69.09] [70.59] [71.66] [69.75] [71.35] [71.86] [71.71] [73.75] [74.88] [73.28] [74.32] [74.45] [74.6] [74.17000000000002] [74.88] [73.75] [72.32] [71.44] [70.29] [70.28] [69.72] [70.07] [68.0] [68.68] [69.06] [68.18] [70.82] [72.0] [72.4] [73.12] [73.80000000000001] [73.57] [72.53] [71.01] [70.79] [71.67] [70.47] [70.51] [72.12] [71.71] [73.51] [73.9] [74.99000000000001] [61.91] [61.7] [61.27] [60.73] [61.65] [63.32] [62.44] [61.64] [62.19] [61.75] [61.96] [61.32] [60.43] [58.59] [59.17] [58.84] [59.84] [57.96] [56.94] [56.55] [56.97] [57.67] [58.01] [57.62] [57.57] [56.31] [54.98] [56.34] [55.32] [53.72] [53.39] [53.1] [52.37] [51.32] [52.35] [53.34] [52.48] [52.82] [52.7] [52.91] [53.4] [53.11] [53.45] [53.3] [52.84] [51.8] [52.38] [51.0] [49.34] [48.50999999999999] [48.27000000000001] [46.01] [47.14] [45.98] [45.33] [44.82] [44.79] [46.33] [46.97] [46.81] [45.86] [45.7] [44.85] [43.79] [45.5] [44.959999999999994] [43.25] [44.41] [44.15] [42.51] [40.59] [46.99] [47.129999999999995] [49.57] [51.27] [53.18] [54.83] [52.9] [53.63] [54.07] [53.59] [54.92] [55.35] [55.29] [54.37] [55.4] [55.83] [55.65] [55.0] [54.94] [54.99] [55.24] [55.26] [55.75] [54.89] [54.29] [55.48] [56.5] [55.85] [55.98] [56.67] [54.65] [55.1] [54.65] [55.74] [55.06] [55.14] [55.17] [54.19] [53.08] [54.5] [53.59] [52.69] [51.18] [50.76] [51.53] [51.58] [50.54] [51.93] [51.35] [51.36] [51.26] [51.0] [50.93] [52.1] [54.48] [52.21] [50.75] [50.82] [49.62] [49.77] [49.35000000000001] [49.650000000000006] [50.35] [51.77] [51.0] [50.93] [50.49] [51.2] [51.03] [50.68] [51.05] [51.61] [51.32] [52.87] [52.76] [54.0] [54.42] [54.01] [54.1] [54.46] [53.77] [54.5] [54.99] [54.63] [54.65] [52.47] [52.09] [52.66] [52.8] [53.73] [54.04] [54.42] [54.66] [55.24] [54.96] [52.7] [51.96] [53.09] [54.79] [55.81] [55.1] [54.18] [55.0] [55.5] [56.66] [56.74] [56.7] [57.72] [57.7] [57.39] [57.24] [57.71] [57.89] [57.45] [57.83] [58.0] [51.23] [50.45] [50.64] [50.56] [50.46] [49.86] [49.28] [49.73] [50.78] [50.17] [50.35] [52.15] [52.19] [52.05] [52.07] [52.24] [52.35] [52.3] [52.81] [53.06] [53.68] [53.8] [54.56] [55.25] [55.05] [54.97] [54.82] [55.4] [55.29] [55.37] [53.9] [53.04] [52.38] [52.5] [51.81] [51.31] [51.2] [51.18] [51.98] [51.48] [52.7] [52.11] [51.84] [51.85] [52.57] [52.27] [52.63] [52.96] [53.75] [54.9] [55.8] [55.33] [55.22] [55.3] [54.03] [53.87] [54.8] [54.52] [55.69] [56.18] [56.57] [56.73] [57.97] [59.0] [64.36] [68.09] [68.63] [69.76] [69.39] [68.0] [67.42000000000002] [66.32999999999998] [67.32] [66.31] [64.99] [66.85] [65.93] [65.77] [65.77] [65.4] [66.25] [66.63] [66.5] [66.26] [66.80000000000001] [66.70000000000002] [66.52] [66.34] [67.29999999999998] [66.47999999999999] [63.34] [64.0] [64.41] [64.71] [65.85999999999999] [66.37] [64.79] [64.61] [67.0] [66.81] [67.91999999999999] [67.34] [67.82] [68.85] [68.16] [67.31] [67.63] [68.13] [67.14] [67.25] [67.27000000000001] [67.51] [68.12] [69.38] [69.74] [70.0] [70.59] [70.01] [70.23] [69.81] [69.74] [69.35999999999999] [69.35999999999999] [69.05] [67.97] [68.35] [68.53999999999999] [68.04000000000002] [67.99000000000001] [67.57] [68.67] [68.37] [69.85] [69.22] [70.0] [66.57999999999998] [63.83] [63.85] [64.2] [63.75] [63.3] [64.22] [63.83] [62.5] [62.5] [63.05] [62.5] [62.76] [62.8] [62.82] [63.24] [63.55] [63.16] [63.1] [63.3] [63.64] [64.37] [64.34] [64.53] [64.0] [64.71] [64.94] [64.96] [65.41] [63.14] [63.69] [63.82] [62.88] [63.06] [63.28] [63.17] [60.56] [59.74] [58.19] [59.3] [59.07] [58.65] [58.36] [58.62] [58.83] [58.83] [59.07] [58.77] [59.0] [59.87] [60.39] [60.86] [61.42] [61.81] [60.34] [59.79] [61.19] [61.59] [53.9] [53.13] [52.86] [52.09] [50.48] [50.47] [49.760000000000005] [49.599999999999994] [49.5] [50.07000000000001] [48.8] [47.5] [47.18000000000001] [47.60000000000001] [47.86] [47.540000000000006] [47.68] [48.0] [47.290000000000006] [47.52] [47.230000000000004] [48.69] [48.45] [48.89] [48.49] [48.55] [49.12] [47.84] [49.959999999999994] [49.84] [48.879999999999995] [48.92] [49.86] [49.47] [48.78] [49.19] [50.120000000000005] [51.3] [50.73] [50.25999999999999] [50.28] [50.53] [50.15] [50.269999999999996] [50.63] [49.55] [49.31] [49.63] [50.14] [50.64] [50.2] [50.89] [51.69] [51.63] [52.1] [52.25] [52.15] [52.36] [49.95] [45.67] [46.06] [46.97] [47.42999999999999] [47.42999999999999] [47.56] [48.09] [47.96000000000001] [47.17] [47.18000000000001] [47.05] [46.38] [46.59] [46.82000000000001] [46.41] [46.39] [45.46] [45.29] [45.04] [45.55] [45.51] [45.49000000000001] [45.06] [44.81] [45.72] [46.63] [47.28] [46.86] [46.23] [46.98] [46.95] [46.29] [46.45] [46.74] [46.57000000000001] [46.56] [47.39] [47.77] [47.69] [47.59] [47.26] [48.2] [48.209999999999994] [48.12] [47.62] [47.59] [49.35000000000001] [50.14] [50.49] [50.6] [50.7] [50.59] [50.73] [49.86] [50.41] [50.66] [50.84] [50.65] [50.7] [50.92] [51.86] [51.89] [51.5] [55.65] [54.02] [53.96] [53.11] [52.4] [52.7] [52.55] [52.26] [53.12] [54.0] [53.85] [53.66] [53.8] [54.11] [53.43] [53.5] [54.21] [55.37] [55.6] [55.61] [55.73] [56.0] [55.25] [56.16] [55.7] [55.03] [55.43] [55.93] [56.78] [55.885] [55.65] [56.75] [56.59] [56.73] [56.98] [56.79] [56.9] [66.32999999999998] [65.87] [67.45] [66.43] [65.75999999999999] [65.58] [65.4] [65.29] [65.5] [65.13] [65.27] [66.16] [65.7] [65.95] [65.75] [67.56] [65.33] [65.32] [65.53] [64.94] [65.04] [65.3] [65.41] [65.65] [66.28] [66.41] [67.1] [67.39] [66.56] [67.0] [66.42] [67.28] [65.34] [61.7] [67.75] [64.79] [63.05] [64.65] [64.55] [64.57] [66.81] [67.0] [66.52] [66.97] [66.42] [66.52] [67.56] [68.5] [68.7] [67.44] [66.93] [68.84] [70.0] [69.5] [70.5] [76.72] [75.87] [75.1] [73.12] [74.8] [74.52000000000001] [73.51] [72.54] [73.73] [72.75999999999999] [71.69] [71.34] [72.25999999999999] [70.68] [70.82] [70.81] [69.5] [68.83] [71.16999999999999] [71.38] [69.86] [71.31] [71.55] [72.13] [72.23999999999998] [71.98] [71.98999999999998] [72.55] [72.48000000000002] [72.70999999999998] [71.61] [72.0] [71.14] [71.03] [71.84] [71.51] [74.0] [70.78] [71.3] [71.0] [72.18] [73.54] [73.94999999999999] [77.33] [76.35999999999999] [76.65] [76.37] [76.08000000000001] [75.54] [75.84] [75.88] [77.64] [75.78] [77.31] [77.07999999999998] [76.39] [76.10999999999999] [76.02] [75.7] [76.0] [77.35] [79.1] [78.26] [78.0] [78.53999999999999] [79.42] [80.41] [81.11] [80.56] [81.51] [81.81] [81.89000000000001] [82.37] [81.85] [79.6] [74.49] [74.53] [71.05] [72.50999999999999] [72.68] [75.0] [73.62] [74.39] [75.8] [76.10999999999999] [75.18] [77.07999999999998] [76.96] [77.53] [77.22] [78.83] [77.96] [78.57] [78.44] [79.9] [79.45] [79.5] [80.93] [79.50999999999999] [75.27] [70.26] [70.1] [74.25] [74.54000000000002] [75.41] [75.24000000000001] [76.62] [75.9] [72.70999999999998] [72.23999999999998] [71.55] [72.38] [71.26] [71.85] [72.62] [72.75] [73.05] [73.22] [73.92000000000002] [74.76] [74.56] [75.12] [74.63] [74.66] [74.51] [73.63] [73.62] [75.84] [76.53] [76.70000000000002] [76.59] [76.19] [75.67] [74.14] [74.14] [73.65] [74.5] [73.28] [72.81] [73.15] [72.72] [72.36000000000001] [73.39] [71.15] [69.85] [68.85] [66.3] [65.94] [65.19] [64.63] [62.26] [62.7] [62.75] [63.98] [65.36] [65.5] [64.73] [64.57] [63.98] [64.27] [62.87] [62.39] [63.0] [69.97] [73.34] [72.50999999999999] [72.65] [71.2] [68.73] [70.29] [71.46] [71.95] [70.71] [69.18] [69.54] [68.25] [69.12] [69.84] [67.24] [67.29] [67.17000000000002] [68.38] [68.07] [68.18] [69.23000000000002] [68.32] [69.70999999999998] [69.91] [67.81] [68.94] [66.55000000000001] [68.08] [68.23] [68.17] [66.51] [65.01] [64.62] [64.73] [62.64] [62.44] [59.49] [58.94] [60.21] [62.24] [61.31] [58.87] [58.25] [58.44] [59.53] [61.74] [63.78] [62.71] [62.94] [62.45] [64.26] [63.34] [63.68] [65.36] [65.38] [64.57] [64.4] [65.0] [64.87] [65.0] [64.33] [64.85] [65.0] [65.59] [67.31] [68.09] [67.11] [66.13] [67.25] [68.81] [70.35] [70.16] [71.24] [69.72999999999999] [70.79999999999998] [69.72999999999999] [68.73999999999998] [70.37] [69.43] [69.4] [69.10999999999999] [70.06] [71.55] [70.21] [70.62] [71.09] [69.70999999999998] [70.67000000000002] [72.0] [72.37] [72.66] [72.89] [72.57] [72.42] [72.6] [72.13999999999999] [73.09] [68.23] [69.53] [69.77] [71.04000000000002] [71.68] [72.23999999999998] [73.0] [73.19] [73.61] [73.56] [73.98] [74.16] [74.34] [75.1] [75.8] [76.77] [77.13] [77.0] [75.6] [75.52] [76.87] [77.96] [78.15] [78.5] [78.95] [79.37] [86.00999999999999] [80.94999999999999] [80.4] [78.5] [78.14000000000001] [77.0] 
 ---------