Company Name: Albemarle Corp 
Ticker Symbol: ALB 
sentiment1: Albemarle Corp.(ALB,N) reports earnings for 3d qtr to Sept 30 
 published on: 2018-05-21 
---sentiment2: RHODIA MAY JOIN BIDDING FOR ALBRIGHT & WILSON 
 COMPANY NEWS; RHODIA MAY JOIN BIDDING FOR ALBRIGHT & WILSON 
 published on 2014-12-15 
---sentiment3: ALBEMARLE OFFERS $655 MILLION FOR ALBRIGHT & WILSON 
 COMPANY NEWS; ALBEMARLE OFFERS $655 MILLION FOR ALBRIGHT & WILSON 
 published on 2012-05-19 
---sentiment4: ALBEMARLE RAISES OFFER FOR ALBRIGHT & WILSON 
 COMPANY NEWS; ALBEMARLE RAISES OFFER FOR ALBRIGHT & WILSON 
 published on 2002-10-18 
---sentiment5: Albemarle Ends Bidding For Albright & Wilson 
 INTERNATIONAL BRIEFS; Albemarle Ends Bidding For Albright & Wilson 
 published on 1999-07-17 
---
Current Value: 72.03 
Prediction: Decrease 
Perecent_correct: 0.6825396825396826 
Predicted Values: 
 [82.44797564][83.47196281][83.97763401][83.99494839][82.95182587][84.04726252][84.25502804][86.54889579][85.67469216][81.87355846][81.7739308][81.31425366][79.90794504][79.47283158][81.57012411][83.09821376][83.29458021][83.93558733][84.74052288][84.41793873][84.576253][84.71734489][86.04509934][88.24271917][87.93671382][85.9783276][86.58457393][86.72183908][88.51308232][91.98460669][91.98537565][91.90668391][92.08125941][91.58990984][90.92363292][90.52650987][89.95299018][89.99806319][90.12165968][89.55310395][89.27729266][89.69281637][88.90051203][87.49189694][87.5693447][88.30665737][90.79570953][91.42790424][91.4297211][91.34767846][91.25283766][93.34422459][94.57000848][95.09140339][95.83554877][94.86622376][94.09943684][94.35726191][94.36355227][95.85307144][95.97225936][95.89762888][96.29673662][95.46645483][94.68565649][94.10642691][93.92445211][94.74473217][94.98366391][94.45440793][94.59094903][95.10464488][94.91521585][95.56444304][94.00334499][93.02537841][93.78017631][93.0515962][94.06637806][93.85378091][93.60292945][93.33987976][93.63092579][100.84435033][104.27106283][104.53239898][105.4626313][103.1753577][104.55660584][104.38177876][103.90521647][104.22540707][104.86608159][105.11094394][106.09869627][105.96632705][106.78570204][107.14929335][107.01152109][106.11899592][106.61086721][106.42146554][105.39327796][105.99263809][106.35986993][106.4696788][106.73764398][106.72646313][106.49631605][106.91247397][106.88647335][107.13609281][106.71407645][106.31796505][106.43161712][105.13825557][105.33731204][106.20246361][107.32986178][107.01637008][106.60926156][107.66107458][109.1009362][109.43578855][109.68431819][109.85770533][110.68475766][110.15228038][109.31994792][112.34042197][111.2544279][111.12230732][110.73160811][111.38990317][111.93050331][111.69413748][113.20304548][113.79875452][112.54923935][111.38326364][112.04158208][112.03435038][112.74392217][113.32296045][114.18448171][114.04529693][113.94894504][114.45436851][115.04221909][115.2352988][115.23900009][114.63600793][114.12423534][115.28465637][116.91708205][115.21171757][113.86718396][112.71724204][108.42295297][108.56037105][109.8105938][109.35628566][108.20638605][107.17519744][106.38695451][106.6013374][106.20850267][107.52284734][107.42999244][106.80603627][107.35547232][108.65480955][109.44480327][110.73744122][112.34420851][113.80314828][117.04912077][119.14216262][119.70508014][118.80028242][118.95097614][120.31874603][120.09485339][119.79995537][120.24952802][120.68678202][119.94850783][118.86936829][117.95947508][117.8809839][118.41648339][120.38522946][120.94466694][120.94837297][123.90529854][119.28914528][115.79994705][113.20317544][111.0368363][112.0010906][112.98124061][114.33538506][114.58462408][113.88599749][114.49127238][116.61159296][117.11401998][116.90517403][116.48543357][117.10884836][115.97750799][116.39028724][117.88850627][119.57508102][119.97210471][119.82074693][120.26794916][119.85198625][124.28781314][126.7430176][127.06662407][127.43200811][128.78515795][132.13105099][135.63781694][138.00310394][137.85420186][136.37310066][133.03565454][130.80934256][131.82825905][133.58867653][137.41515709][138.4908321][139.42316238][140.19089645][141.47194188][138.61183612][139.33202296][139.66004356][139.8240503][139.4798859][141.03423904][142.45322939][142.27133535][142.00343829][141.05499683][142.95315324][142.32518003][141.01030962][141.47161433][141.38655946][141.55500766][141.57984266][142.27928324][144.3163285][143.0753017][140.95970569][143.4477904][144.98679561][146.49450555][143.8503458][143.49143193][144.26050738][140.90492043][137.46045399][137.74959775][138.04477052][137.7540647][138.82198984][138.86659963][138.64035595][138.79644815][138.98506432][137.29682816][135.55050821][135.97910804][134.01697665][130.6094109][129.39602372][130.59214111][132.54122618][133.18067858][132.57214937][132.26151581][130.67674767][132.08803478][133.92924418][134.38892463][133.96832805][132.36221121][130.65233441][130.92669185][130.70564736][130.28597873][130.30460518][132.53826428][134.38956148][133.58660013][133.62712009][138.72732638][138.90136259][136.28912179][136.09253442][136.74886232][134.12324184][130.21677714][118.65662518][119.49498167][116.38480726][115.38096638][114.78011749][116.81977029][117.75280605][114.71643447][113.73060444][113.05132421][111.74182967][108.81664131][107.51653882][107.59293437][108.96172891][108.0197618][108.5696629][112.19862106][112.07367037][111.52993504][115.16824338][114.99689589][115.26696449][116.25750121][115.37999383][119.18941811][114.36998044][112.95676955][109.7804359][100.40109004][96.27268392][96.88129604][100.68673878][100.76813557][101.15257991][102.21543013][103.94884864][104.48637553][103.54714883][100.72060541][99.1965893][98.30225906][97.1919531][98.11462129][96.81274856][94.99505794][95.48554137][95.38480032][92.94299809][92.96347794][91.7870305][90.82079216][90.95154844][96.2773974][94.69126427][92.91484198][93.6250667][93.73259327][94.41203287][96.7939537][97.75954406][98.21669391][99.45334767][99.95111646][98.92307178][98.65594151][98.18476169][96.58827568][97.3506683][97.80264638][98.40142782][97.96980078][99.24156379][99.16081237][100.35187006][101.77476749][101.60343538][103.01841636][101.47886699][99.36134984][100.76947685][101.44464122][103.07403821][105.43823022][106.43983082][106.35478656][105.00124977][102.74016465][99.02347647][95.57767435][94.84830356][94.58422728][94.48810549][94.99855396][95.39883445][95.56239307][96.13219188][96.52430338][96.20778109][96.49341049][97.65948057][96.09586213][94.99078662][94.05173189][93.72201364][92.33777907][92.76418972][92.63264677][93.84021341][94.22787185][93.3225628][95.22262176][94.24688448][95.8849026][94.7835678][97.83056451][97.12195738][96.14835717][96.8530928][96.98340332][95.70004707][96.63291112][96.44745691][96.13634726][97.14935933][97.97065449][97.0230067][95.83169919][93.47853395][92.37079895][92.05833241][93.47422571][94.25526879][93.66102208][94.49257323][93.74305441][92.32295935][93.2639305][93.30138649][93.86785009][99.7430146][101.92135372][100.65871702][98.20141143][97.62426472][96.90767966][98.03679915][97.03057803][96.58535442][96.05410656][95.69720783][95.00800156][96.50804774][97.85864924][98.13555056][97.70516529][96.66429056][96.30940787][97.84657948][97.41012376][98.42735892][98.1588825][98.38731341][99.29843729][100.31802014][101.46628518][102.01701672][103.22673163][103.85501663][106.08872567][107.45997678][107.66967808][106.42532449][105.43229818][102.92914161][102.29089408][101.45553335][101.78317607][102.59241502][104.67685411][105.31027644][105.15541315][103.24298014][100.7727873][97.54173276][95.86547719][96.35233897][96.74063877][97.8033351][97.50778946][97.02777388][96.58861249][97.98509948][96.96274453][96.19292603][95.85870248][95.74693319][97.3051579][97.2793919][100.04574215][104.87524519][107.98490922][107.4524257][108.39554063][109.3546124][106.76718649][104.60952818][101.77732847][100.37281195][101.20929719][102.8714156][102.89244489][101.72270816][98.04975237][96.83437351][97.38815386][98.1248154][96.78249023][96.92491892][97.44769292][97.31982654][99.99487973][97.86919034][92.40329723][91.35610359][89.85469661][91.35558844][90.45830621][89.10414193][87.06370612][83.6257399][82.00532419][81.6114883][77.52869143][76.49250806][74.12224798][75.52820592][76.82586673][77.81991045][77.51354904][77.89970086][75.66637101][76.23866825][76.8932424][77.68403108][77.81690992][77.39857324][77.56864252][77.24960419][75.05214138][74.41627752][75.12970701][76.79136639][75.71309264][75.31414841][74.55389791][76.79524241][77.18509377][78.46337698][80.23847922][81.35214945][81.71540689][82.11180722][81.86234345][82.37496657][81.61584817][80.95758266][81.79720481][80.89203537][81.99985723][81.58202764][82.018703][82.94068728][83.84782495][90.55341275][90.22361163][91.81974757][92.14502256][92.80405886][92.53357822][92.40511209][90.76731174][88.86343583][88.04578793][85.91353195][83.51970602][85.25312974][86.29982979][86.86270097][86.06113792][85.96829304][86.64256602][87.14780971][85.46536308][85.822069][84.81215537][82.36188852][82.28256222][81.19080278][81.20496262][82.26012767][84.15356606][84.35083329][84.59357191][85.79249297][86.70132992][87.20102925][86.61687058][85.87874492][84.84557449][84.08377421][83.56218573][83.46606857][84.14893972][82.85173585][82.78306818][81.11676237][78.80473473][76.28045729][75.56023762][75.97075428][75.93739721][74.99323667][75.5685074][77.3073146][76.86638791][76.62229216]
 Actual Values: 
 [82.25] [82.96] [83.57] [82.51] [82.6] [83.6] [85.02] [85.99] [81.91] [80.73] [81.0] [80.72] [77.25] [80.29] [81.93] [82.95] [82.81] [84.01] [83.9] [83.93] [84.1] [83.58] [86.61] [88.29] [85.68] [85.56] [85.74] [86.24] [90.0] [91.68] [90.9] [91.47] [91.15] [90.34] [90.05] [89.46] [89.1] [89.34] [89.0] [88.48] [88.89] [89.05] [86.73] [87.34] [87.15] [88.72] [90.64] [90.62] [90.73] [90.86] [90.57] [93.53] [94.17] [95.13999999999999] [94.84] [92.75] [93.56] [93.38] [93.94] [95.82] [94.09] [95.34] [94.79] [94.61] [93.19] [93.4] [93.38] [94.04000000000002] [94.0] [92.91] [94.39] [94.45000000000002] [94.33000000000001] [94.37] [91.31] [92.88] [92.44] [92.51] [93.41] [93.12] [91.93] [92.98999999999998] [95.8] [102.9] [102.81] [103.4] [101.92000000000002] [102.11] [103.59] [102.96] [102.7] [102.58] [104.01] [104.5] [105.1] [104.49] [106.04] [106.07] [104.6] [105.18] [105.54] [103.62] [104.58] [105.0] [105.08] [104.96] [105.73] [104.97] [105.69] [105.33] [106.02] [105.96] [104.56] [106.0] [104.0] [103.75] [103.95] [106.05] [106.14] [105.6] [106.02] [107.44] [108.11] [108.28] [108.24] [109.09] [109.34] [108.35] [111.99] [109.36] [110.02] [109.5] [109.5] [110.57] [110.44] [111.09] [112.45] [111.5] [109.98] [110.45] [110.91] [110.91] [111.71] [112.53] [112.5] [112.79] [112.28] [113.68] [113.4] [113.8] [113.5] [112.68] [113.0] [114.75] [115.22] [112.33] [112.61] [107.96] [106.2] [108.5] [107.85] [107.57] [106.47] [105.31] [105.11] [105.39] [105.13] [107.18] [105.22] [106.34] [106.0] [107.86] [108.32] [110.21] [111.68] [113.5] [116.6] [118.37] [117.66] [116.82] [117.97] [119.0] [117.99] [118.53] [119.5] [119.16] [117.81] [116.36] [116.8] [116.06] [117.5] [119.79] [118.97] [120.62] [119.13] [114.66] [112.5] [110.0] [110.14] [111.0] [112.0] [113.94] [112.04] [112.65] [113.89] [115.57] [115.63] [115.13] [115.93] [114.8] [114.55] [116.22] [117.06] [119.0] [116.95] [118.75] [118.08] [120.12] [124.5] [124.66] [125.28] [126.3] [128.5] [131.5] [135.29] [136.5] [134.4] [132.28] [129.0] [129.16] [130.57] [132.8] [136.25] [137.22] [137.9] [138.68] [135.69] [137.55] [137.24] [138.0] [137.0] [138.75] [139.84] [140.67] [140.06] [138.22] [140.7] [141.0] [138.9] [139.5] [139.4] [139.64] [139.08] [139.02] [142.0] [142.5] [136.55] [140.24] [142.0] [143.53] [142.11] [141.02] [139.54] [139.52] [136.0] [135.5] [135.92] [136.0] [136.29] [137.75] [135.61] [137.06] [136.76] [137.15] [132.03] [134.86] [133.43] [128.5] [127.53] [127.06] [129.93] [130.96] [131.0] [130.37] [129.3] [129.44] [131.545] [132.77] [132.41] [131.235] [128.125] [129.24] [129.0] [128.55] [128.77] [128.93] [132.04] [132.25] [131.04] [134.3] [137.52] [135.11] [133.3] [135.33] [134.11] [129.2] [115.2] [118.9] [115.78] [114.31] [114.0] [112.66] [117.0] [114.23] [112.38] [111.85] [110.92] [108.52] [104.28] [103.51] [107.46] [106.94] [106.0] [109.28] [111.6] [107.18] [112.43] [114.36] [112.0] [115.35] [113.88] [115.84] [114.35] [110.56] [112.6] [101.27] [95.69] [94.22] [98.4] [99.0] [100.16] [99.71] [101.99000000000001] [103.0] [103.13] [100.53] [97.91] [97.57] [96.96] [95.68] [96.31] [94.0] [94.57] [94.78] [93.43] [90.46] [92.05] [89.58] [87.78] [92.28] [94.51] [92.76999999999998] [92.87] [91.84] [93.65] [96.13999999999999] [96.45] [97.64] [97.26000000000002] [99.0] [98.23] [97.67] [97.85] [95.8] [95.84] [96.41] [96.96] [96.27] [97.6] [97.85] [97.61] [100.11] [100.0] [101.72] [101.45999999999998] [98.0] [99.3] [99.08] [101.15] [102.62] [105.0] [105.5] [104.54] [101.34] [99.57999999999998] [94.4] [94.58] [93.59] [93.56] [93.5] [94.57] [94.5] [94.8] [95.64] [95.2] [95.45] [97.11000000000001] [95.83] [94.19] [93.13] [93.11000000000001] [91.81] [92.08000000000001] [91.41] [92.38] [93.65] [92.32999999999998] [93.74000000000001] [93.25] [94.13] [93.94] [96.66] [96.88] [94.38] [95.75] [95.98] [95.0] [95.97] [95.5] [95.49] [94.85] [96.91] [95.98999999999998] [95.66] [93.74000000000001] [91.84] [90.54] [91.9] [93.27] [93.25999999999999] [92.63] [94.0] [90.65] [92.25999999999999] [92.30000000000001] [93.0] [97.41] [99.15] [100.05] [98.13] [95.75] [96.17] [96.49] [96.61] [95.6] [95.47] [95.0] [94.5] [94.25999999999999] [96.3] [96.94] [96.79999999999998] [96.19] [94.71] [97.0] [96.57] [96.69] [96.9] [97.42] [97.08] [98.82] [99.86] [100.87] [100.9] [102.45] [103.35] [105.6] [106.97] [105.14] [105.3] [102.08] [101.41] [100.74] [100.67] [101.14000000000001] [102.03] [104.0] [104.16] [102.13] [101.2] [97.24] [94.6] [95.58] [95.16] [96.47] [96.48000000000002] [96.24] [95.56] [96.27] [95.63] [96.27] [94.37] [94.01] [96.5] [95.0] [98.09] [100.38] [105.81] [106.12] [106.25] [108.0] [104.3] [104.0] [102.26] [98.38] [100.0] [99.72999999999999] [102.1] [100.64] [97.86] [96.01] [94.95] [97.34] [95.66] [95.15] [96.69999999999999] [96.0] [98.59] [98.18] [92.03999999999999] [91.32] [88.98] [91.03] [90.27] [88.6] [87.07] [84.53] [81.22] [81.33] [77.56] [76.33] [73.96] [73.43] [75.28] [77.58] [77.0] [75.8] [76.85] [74.57] [76.29] [77.28] [77.78] [76.23] [76.72] [76.6] [74.97] [73.92] [73.84] [75.83] [75.49] [75.64] [73.97] [75.78] [76.23] [77.49] [79.09] [80.74] [80.89] [81.3] [81.25] [80.93] [81.37] [79.83] [81.57] [80.34] [81.02] [81.41] [81.8] [81.05] [83.32] [88.59] [89.83] [89.99] [91.22] [91.01000000000002] [92.18] [92.0] [91.0] [88.35] [87.95] [85.73] [83.14] [83.37] [85.86] [86.03] [85.83] [85.07] [85.59] [87.35] [85.25] [84.44] [85.0] [82.14] [81.82] [81.05] [80.0] [81.32] [82.43] [84.37] [83.72] [84.45] [85.86] [86.2] [86.71] [84.88] [85.2] [83.08] [83.58] [82.53] [83.86] [82.18] [82.46] [81.64] [79.1] [76.6] [74.7] [75.5] [75.85] [75.0] [73.88] [76.77] [75.66] [76.52] [72.03] 
 ---------