Company Name: Align Technology 
Ticker Symbol: ALGN 
sentiment1: Releasing Earnings, Microsoft Stays in Stride, With Cloud Powering the Way 
 One Economic Indicator That’s Still Way Up: Microsoft 
 published on 2019-01-08 
---sentiment2: China Cements Its Place Among Elite Committed to Scientific Progress 
 Democratic Presidential Candidate O'Rourke Lays Out $5 Trillion Climate Plan 
 published on 2019-04-26 
---sentiment3: Democratic Presidential Candidate O'Rourke Lays Out $5 Trillion Climate Plan 
 Insider Q&A: Business Roundtable Executive on Data Privacy 
 published on 2019-04-03 
---sentiment4: Insider Q&A: Business Roundtable Executive on Data Privacy 
 SAP CEO Welcomes 'Fantastic' Activist Shareholder Elliott 
 published on 2018-12-04 
---sentiment5: SAP CEO Welcomes 'Fantastic' Activist Shareholder Elliott 
 Curbing Our Addictions 
 published on 2019-03-02 
---
Current Value: 324.27 
Prediction: Decrease 
Perecent_correct: 0.6587301587301587 
Predicted Values: 
 [90.40614514][91.00384246][91.72268949][91.56653814][91.2996815][92.1656307][92.00541932][93.93741333][96.45212462][96.23307245][98.03112713][97.7459394][98.08830686][99.49366187][100.86096945][102.84307548][103.89885834][102.75686108][101.50503775][101.90545633][103.29467059][103.38837872][102.63351175][101.11464888][99.60882515][99.45457096][100.56511572][102.47882019][105.11488764][105.92462397][106.77829787][105.64492536][106.85354258][106.21755755][107.01886997][108.22152863][108.51090369][107.24471134][106.45435363][105.75491228][105.4949574][105.94302969][105.15100981][104.06650023][103.68914395][104.11488355][104.7166819][103.50927151][101.52823643][101.58252643][102.57548322][103.04792362][102.37497618][102.85574453][102.37746822][102.13755889][97.64126191][97.89720798][98.43178753][98.70715388][99.44584969][99.57642862][98.06080414][96.12085104][97.36942723][105.72689395][103.84834622][102.66350297][102.05336877][100.74012673][100.43246764][102.26394756][103.52632725][104.39592337][105.40573042][106.49713778][107.52346453][108.52682112][109.64606238][108.14718944][108.55267174][109.44969385][110.0193144][110.30454834][111.45114561][111.71249221][111.62256644][111.27544635][110.51545798][111.42873744][112.54506449][113.28521574][114.96781469][115.4887195][117.51791635][118.87881908][120.04391901][121.15158403][121.26752274][119.93303322][120.79520246][122.13086548][122.28884248][122.31834533][122.66173252][122.86856695][122.89713095][124.5748341][124.90809259][124.19381789][123.51810438][123.48761647][123.48562737][123.40938852][123.31744317][122.46602946][123.20213808][124.36524433][126.0027448][127.22727654][127.95108987][129.28599049][129.57313868][128.48914798][129.0040648][150.43293776][145.28459282][144.40884004][144.16289525][149.22094354][151.14307141][148.40966837][148.80543382][148.1567253][147.5270916][148.81561676][149.60164148][149.33195236][147.4966495][147.86822819][148.91809226][149.39982445][148.57147875][149.37873209][151.31460175][152.96428685][154.32273273][156.29846743][157.55985175][160.220535][161.22609016][160.32106482][160.69512462][162.52698026][163.23146391][157.29115481][155.85843356][156.18981446][154.61458524][156.21292525][160.77410456][160.68678732][160.1242882][161.71549502][166.23125318][165.11170586][162.64665759][163.26609823][162.24558116][161.2288153][162.28520906][163.71587633][162.29522021][163.52329371][164.04050966][163.40871895][164.16982887][164.69782701][165.52666742][168.35858952][168.24598458][170.80331094][172.39511493][172.35706053][172.9216821][173.10617905][171.3320318][171.74703877][184.97803557][184.74742656][182.63673214][182.93989655][182.88760854][183.61634077][186.19942334][188.38362594][189.00337037][187.19748446][186.98301722][188.0544716][190.9517883][193.01191115][188.67306015][183.45590849][181.78548666][184.46091467][186.45671501][188.72141272][188.31640371][188.28177425][187.40287573][188.02350644][190.02262264][190.65002945][192.50279327][192.96571767][193.00609878][195.22916336][199.61823][200.06037384][199.35555801][199.0483748][199.34948901][202.48613444][203.58318313][203.34368897][202.9237681][202.19052016][201.21470825][199.82372779][199.88329421][198.51970829][200.03337991][202.16208131][202.24043699][201.0389817][201.138837][203.40287105][202.84112836][203.88564856][206.32857922][208.55409347][208.31016305][209.2676846][209.91691721][210.34581503][211.44101589][215.52490603][220.9434387][219.98390349][218.92985144][220.58182341][252.5294472][256.79825467][257.37131877][260.19472556][254.4935583][258.45944516][264.84133683][265.91385487][271.01279017][272.18368592][270.10128522][273.99034631][274.46059366][271.98554485][274.73743896][275.37008606][276.94533225][278.47813023][276.36055801][275.51947371][281.7770486][286.47020064][283.70116641][282.33625528][278.99351607][267.07629447][247.02012977][250.18639023][259.15476777][261.79420232][255.68913834][254.84412189][254.80824374][254.75182172][253.56850073][254.47584435][254.58966912][254.11941095][247.73250994][238.80330977][241.28024105][244.30348275][245.53578292][243.27472299][242.40107132][247.95215587][253.43289994][259.00188969][267.20515767][271.98988127][269.55267552][271.63935172][278.29347213][286.15081373][292.25250791][293.93748384][290.92011637][291.33422958][294.10879862][295.58559118][296.77892238][305.08784119][304.99901876][292.80953184][285.93676837][280.9469968][277.93549939][271.48492187][259.19759287][258.38568848][247.75885547][246.78204148][252.53391029][252.45934094][261.16074483][272.49877833][274.04064969][275.85500576][277.49823898][279.62669215][286.04134775][288.91432413][287.04229184][286.52417079][273.89578413][270.95805168][275.57478075][277.17123369][280.75242976][288.91744636][293.68893529][297.32278496][296.68798928][294.73281178][295.96142853][294.90631354][291.31381605][291.16440742][292.90769393][286.98174445][279.87377908][280.07212424][279.92382577][267.19261801][271.79406866][269.58864386][264.97213567][266.03657958][276.08396446][271.3515984][271.11523769][278.26431899][278.50160298][284.01252674][286.5076692][287.75510768][294.18629768][299.59720869][283.04091423][272.71600083][269.13284002][266.42304735][262.85759036][283.90367212][280.5613721][276.34393786][271.32444503][271.16317143][273.60934579][277.834753][285.11757012][286.48720127][289.74675286][297.67513008][307.51607185][313.57154512][306.95488582][311.54946768][316.22048956][321.2213351][327.19972629][328.09567933][329.83447303][341.07922631][345.98297404][350.29308797][358.09431714][361.50732827][361.32205736][368.93092077][373.72658438][375.81091356][373.0624031][372.01590402][376.50166906][382.41465606][391.62150313][397.36230326][394.9259386][397.9303576][397.15953519][397.66404638][394.88335072][389.28063187][377.6850981][382.24481812][379.44580832][371.70409088][373.04909918][366.61759519][369.53781742][370.44742818][374.70479061][380.18090655][380.40767426][378.21719739][388.33101089][395.6700718][394.65337599][397.39075295][404.76241496][401.93186637][406.17550774][410.72891265][410.10869193][411.43309391][404.42947845][391.10318907][381.78739781][383.95468324][386.68802016][392.58938784][397.5209855][397.73403165][400.1493046][396.86431106][398.88480837][396.20893551][395.44184197][396.51474749][391.76086542][382.18807624][384.69202158][385.80892508][384.7613928][388.84576631][393.8203243][398.14729376][409.85310155][416.89022239][419.09693663][419.24965419][421.46522713][419.02850016][412.45375241][404.56869331][401.28381438][405.00090947][411.15160162][415.07898881][415.91121777][420.54528056][419.74324998][415.53257562][416.89997394][413.82030237][413.97376585][418.65974294][426.62419997][424.91341936][424.55391484][424.61584264][426.94359087][417.69025999][410.08759901][399.34614724][387.56995503][377.37409082][371.3587143][356.70493545][342.78839347][354.50971591][350.37926611][357.65990596][364.93167365][356.42786875][348.68888817][341.14206871][335.69204212][330.95278581][251.59440501][250.46579353][247.73467696][239.49916429][243.85237676][246.44806504][253.01743943][246.79096572][247.71986862][261.26768733][265.80836554][260.72005924][245.58446687][238.8089888][240.10001843][239.61903086][242.95576389][234.7025019][220.105183][233.69544982][235.47421956][242.84240231][240.39238789][249.91751351][251.56791663][248.6044348][254.21765296][248.22787982][233.85043974][233.20465013][231.96051737][239.03568218][241.61577508][236.63166274][232.93441421][228.10533099][227.62689299][224.32829928][217.11994218][215.56652833][211.62098518][222.30548599][226.54584835][228.12041054][227.93000147][221.0846522][210.55574623][200.85295575][204.23928261][208.29214118][216.35355941][218.55243105][216.32383341][211.74384305][211.24945042][220.27122151][228.61281374][237.419269][236.98859162][235.87849212][238.62062453][244.34746206][241.85051396][240.44780401][243.31701986][263.5301267][266.82598822][264.23990285][263.46597638][264.53357343][261.4099527][259.08097838][264.70089084][273.00132335][276.94410411][270.40056287][275.10909697][276.59620962][275.77097365][272.39506268][273.68559483][281.56351314][282.20658148][280.52433943][279.86406882][284.30087278][283.50791158][262.57498495][255.55265837][250.15955423][248.84692497][258.85870275][268.86590843][272.84633693][269.75785619][272.9078577][273.97823264][279.80569539][284.8848785][298.33275871][298.73205312][293.73091744][298.03956691][295.24470605][295.09814293][306.49603843][311.26438458][313.80043212][316.78260286][313.2665434][320.1323512][318.69237503][311.91057231][313.02515076][314.64072278][317.81494083][319.21161289][316.38022914][308.02168414][302.51581418][310.8470128][319.79837892][321.38839743][326.93926131][337.14194147][345.18706344][349.34726778][351.47809687][352.96267491][358.24012097][353.43157612][352.81464802]
 Actual Values: 
 [83.8] [85.31] [85.86] [84.48] [85.71] [86.09] [87.14] [89.89] [87.77] [91.77] [90.51] [92.06] [90.52] [93.42] [93.75] [97.73] [94.75] [95.0] [94.05] [96.44] [96.33] [95.95] [95.0] [93.12] [92.3] [93.26] [94.65] [98.17] [97.89] [99.84] [97.99] [99.69] [99.05] [98.93] [100.18] [101.56] [100.13] [99.76] [98.93] [98.39] [98.71] [98.6] [97.09] [97.12] [96.49] [96.85] [97.52] [94.82] [94.13] [94.61] [96.07] [95.57] [95.65] [95.47] [95.79] [91.51] [90.89] [91.58] [92.53] [91.88] [93.46] [91.67] [89.64] [89.72] [97.0] [97.38] [95.43] [96.0] [94.31] [93.25] [94.2] [95.96] [96.92] [97.67] [98.27] [100.0] [100.35] [102.28] [100.61] [101.21] [100.57] [102.57] [102.27] [103.77] [104.09] [104.2] [104.1] [102.47] [103.65] [104.09] [105.84] [105.47] [107.84] [107.59] [110.65] [110.89000000000001] [112.25] [113.77] [110.95] [111.93] [112.64] [113.42] [113.76] [113.80999999999999] [114.58999999999999] [113.69999999999999] [115.13] [116.56] [115.94] [114.77] [114.76] [115.25] [114.81999999999998] [115.16] [113.97] [113.96] [114.94] [116.65] [117.49999999999999] [119.10000000000001] [120.02] [121.47000000000001] [119.24] [119.96] [139.79] [135.38999999999996] [133.55999999999997] [134.5] [132.21] [141.69] [138.24999999999997] [137.97] [137.96] [136.51] [137.23999999999998] [138.9] [138.82999999999998] [137.53] [136.0] [138.0] [139.23] [137.92999999999998] [138.78] [138.71] [141.4] [142.56] [144.59] [146.36] [146.57] [150.0] [148.74] [149.15] [149.25] [152.16] [147.34] [144.17] [145.38] [142.95] [144.78] [146.32] [150.08] [147.16] [150.07] [154.85] [153.66] [151.15] [150.19] [151.5] [148.33] [151.06] [151.52] [151.12] [150.98] [152.1] [151.56] [152.07] [153.13] [152.14] [155.01] [155.99] [157.09] [159.5] [160.31] [158.67] [161.81] [158.66] [160.52] [168.1] [173.34] [167.41] [170.28] [168.09] [170.88] [169.49] [173.89] [173.84] [174.92] [171.76] [173.91] [174.88] [178.89] [177.9] [169.96] [168.51] [167.97] [172.33] [174.0] [175.41] [173.02] [173.03] [173.55] [175.05] [176.81] [176.42] [180.0] [176.56] [179.8] [185.61] [184.8] [185.18] [183.42] [184.5] [185.95] [189.07] [187.83] [188.76] [186.2] [187.4] [185.61] [184.49] [184.5] [183.6] [187.16] [187.75] [186.41] [185.44] [186.99] [186.83] [188.53] [188.22] [192.79] [192.58] [193.01] [193.46] [194.72] [194.23] [196.67] [205.45] [202.76] [203.0] [202.59] [225.64] [234.35] [235.1] [243.00000000000003] [235.38] [233.85000000000002] [244.01999999999998] [245.00000000000003] [246.00000000000003] [251.79999999999998] [249.38] [249.29] [251.78000000000003] [252.24] [251.76] [254.74] [254.63999999999996] [257.67] [255.40999999999997] [254.32] [255.78000000000003] [264.40000000000003] [264.40000000000003] [259.96] [259.35] [257.83000000000004] [225.02000000000004] [228.16] [236.11] [242.72] [237.42] [234.80000000000004] [234.53] [235.81000000000003] [235.34] [234.35] [235.46999999999997] [235.86] [234.28999999999996] [216.37] [222.36] [223.22] [227.79] [225.99] [222.61000000000004] [226.06000000000003] [234.9] [234.87999999999997] [242.00000000000003] [250.00000000000003] [249.15] [248.00000000000003] [254.1] [262.12] [265.16] [272.25] [268.1000000000001] [269.64] [267.0] [273.52] [273.7] [275.16] [284.45] [270.45] [261.01] [261.59] [251.57] [252.20999999999998] [232.71] [241.00000000000003] [233.57] [223.75] [233.24999999999997] [230.76] [231.98] [250.00000000000003] [253.85] [250.57] [255.36000000000004] [254.16] [261.99] [266.8] [265.48] [264.9] [255.00000000000003] [243.65] [252.84] [256.01000000000005] [252.46] [264.9200000000001] [270.0] [272.07] [276.56] [271.29] [272.23] [273.76] [268.65] [266.9200000000001] [270.67] [266.55] [260.13] [254.00000000000003] [263.98] [248.52] [245.98] [251.00000000000003] [244.01] [239.72] [251.32] [252.39999999999998] [248.37] [254.17] [255.57999999999998] [259.62] [266.22] [264.77] [269.17] [274.0] [265.82] [253.38] [248.62999999999997] [248.61999999999998] [238.46999999999997] [261.99] [259.99] [258.63] [249.20999999999998] [250.39999999999998] [249.00000000000003] [251.98999999999998] [259.25] [263.54] [265.49] [268.01] [278.29] [286.99] [283.53] [283.5] [289.52] [293.49] [300.0] [305.96] [297.86] [310.13] [318.08] [318.19] [327.92] [331.7] [333.17] [335.54] [343.21] [347.25] [346.86] [337.03] [345.28] [349.6] [356.0] [364.35] [364.81] [361.01] [366.2] [368.01] [365.66] [361.57] [350.0] [349.27] [352.42] [340.57] [345.71] [334.9] [341.1] [342.18] [341.39] [350.58] [350.0] [346.98] [350.31] [364.0] [365.0] [359.59] [373.86] [369.88] [371.06] [375.5] [378.96] [374.69] [377.61] [364.51] [353.5] [348.88] [356.65] [351.0] [368.52] [362.11] [369.55] [366.13] [366.81] [363.71] [364.48] [361.28] [366.73] [353.0] [350.11] [358.0] [353.01] [354.02] [361.0] [365.09] [370.0] [382.56] [384.4] [383.08] [388.43] [386.64] [384.92] [373.55] [368.76] [370.89] [373.36] [382.9] [383.87] [383.31] [390.54] [378.38] [386.4] [381.19] [381.84] [379.0] [390.0] [392.73] [391.0] [389.85] [393.36] [390.52] [379.94] [373.57] [356.2] [350.12] [341.59] [336.28] [312.3] [326.13] [326.53] [321.25] [338.81] [331.85] [326.29] [313.7] [305.9] [311.08] [231.23] [228.0] [234.76] [216.8] [226.49] [222.26999999999998] [233.53] [227.77] [227.5] [231.72] [245.54] [243.42] [231.97] [219.0] [221.9] [219.52] [220.76] [223.85] [189.03] [213.94] [214.88000000000002] [221.91999999999996] [221.79] [222.25000000000003] [234.53] [227.68999999999997] [234.4] [234.22000000000003] [211.11] [217.39] [209.79] [220.07000000000002] [225.08] [218.82] [214.26999999999998] [213.03] [209.84] [209.13999999999996] [201.19] [199.14] [196.57] [194.71] [207.0] [212.86000000000004] [209.89] [205.32000000000002] [200.03] [181.68] [187.41] [191.35] [194.26] [198.99] [201.6] [196.54] [194.9] [197.07] [206.87000000000003] [216.0] [220.67999999999998] [217.0] [218.25] [222.61000000000004] [224.49999999999997] [222.16] [208.74] [233.57] [248.08] [243.91] [241.84999999999997] [244.00000000000003] [241.88999999999996] [236.78] [242.86] [246.79999999999998] [256.99] [247.03999999999996] [253.03999999999996] [254.96000000000004] [255.22999999999996] [252.98] [251.52] [255.52] [261.13] [258.23] [258.08] [261.24] [264.37] [244.94] [237.79] [231.0] [228.64] [231.56] [243.96] [251.28] [249.93] [248.48] [252.7] [256.43] [258.93] [265.45] [279.64] [269.75000000000006] [275.25] [274.27] [270.24] [281.36] [287.44] [285.75] [293.44] [289.92] [291.0] [295.55] [290.0] [286.39] [290.92] [290.62] [293.83] [293.59] [290.09] [276.33] [279.38] [292.1] [296.0] [294.1] [298.75] [318.24] [318.52] [325.26] [320.7] [328.86] [320.8] [324.19] [324.27] 
 ---------Company Name: Align Technology 
Ticker Symbol: ALGN 
sentiment1: Releasing Earnings, Microsoft Stays in Stride, With Cloud Powering the Way 
 One Economic Indicator That’s Still Way Up: Microsoft 
 published on 2019-01-08 
---sentiment2: China Cements Its Place Among Elite Committed to Scientific Progress 
 Democratic Presidential Candidate O'Rourke Lays Out $5 Trillion Climate Plan 
 published on 2019-04-26 
---sentiment3: Democratic Presidential Candidate O'Rourke Lays Out $5 Trillion Climate Plan 
 Insider Q&A: Business Roundtable Executive on Data Privacy 
 published on 2019-04-03 
---sentiment4: Insider Q&A: Business Roundtable Executive on Data Privacy 
 SAP CEO Welcomes 'Fantastic' Activist Shareholder Elliott 
 published on 2018-12-04 
---sentiment5: SAP CEO Welcomes 'Fantastic' Activist Shareholder Elliott 
 Curbing Our Addictions 
 published on 2019-03-02 
---