Company Name: Alaska Air Group Inc 
Ticker Symbol: ALK 
sentiment1: Why the 737 That Crashed Is Boeing’s Best-Selling Plane Ever 
 Workhorse Jet Symbolizes  A Broad Shift in Air Travel 
 published on 2019-04-30 
---sentiment2: Miniature Horses Are Welcome on Alaska Airlines (But No Snakes, Please) 
 Airline Sets Policy and Mini Horses Make the List 
 published on 2018-08-11 
---sentiment3: Private Money Takes On Bigger Role in Airport Projects 
 The Airport That Wasn’t Is Turned Into One 
 published on 2018-08-12 
---sentiment4: In the Blink of an Eye, a Hunt for Oil Threatens Pristine Alaska 
 Thirst for Oil Threatens a Pristine Arctic Refuge 
 published on 2019-04-12 
---sentiment5: U.S. Airlines to Offer New Gender Options for Non-Binary Passengers 
 Shutdown in Alaska Town, And It ‘Impacts Everyone’ 
 published on 2019-01-19 
---
Current Value: 60.84 
Prediction: Decrease 
Perecent_correct: 0.7078947368421052 
Predicted Values: 
 [64.71824997][65.25304499][64.56014901][65.46951229][65.15275826][66.42432652][67.09713056][68.96896867][67.86166592][67.10101292][69.08096299][68.90970294][67.66159931][66.58600218][67.21814662][68.85801991][69.72676527][69.5817023][69.99144407][68.6024109][68.08034432][68.38560352][69.07919178][68.45274786][67.5738458][66.74845949][66.22685335][65.01279336][64.58831725][63.02436199][62.62585135][64.96550762][66.15690939][68.98967045][71.08279397][70.78667606][71.68137934][71.85864267][70.9976188][69.82940645][70.17997268][70.6941114][71.49309916][72.0461789][73.98315489][75.8360613][76.06992352][76.38562782][76.78943837][77.04242448][76.66706588][76.61039882][75.76566989][75.99120135][76.14748128][76.09581899][74.81849681][75.36063213][75.22722358][75.33304901][74.67115843][73.89904417][73.45165632][72.91400299][73.65665576][73.83172686][74.55722689][74.45070202][74.4538176][74.66420709][76.1848465][73.81720927][74.57841212][75.03331983][76.17725967][77.66875315][78.07672974][79.04173255][78.08300502][77.72710665][76.71817173][76.58175096][75.59255224][76.03889357][76.35437511][76.28710212][77.01591088][77.84166464][75.51403134][72.30864039][70.64213315][69.69684466][69.61234103][70.31939055][70.23552412][70.43314687][70.53810932][69.47293672][69.28210064][69.25045671][69.51846614][70.10781006][69.9731907][70.4195841][70.54416259][72.03682501][71.94584821][37.79749119][37.86673025][37.89858487][37.5931346][37.35603117][38.21618565][38.47924811][38.61399263][38.66431896][38.70927778][38.33050784][38.6551056][38.72735234][38.84782948][38.04055923][37.59691792][37.20480535][37.78151116][37.60863872][37.65895157][37.84790194][37.80730006][37.9231177][37.63436933][36.60571255][36.68921343][37.14824173][36.89605822][36.7128033][36.65945579][36.43865703][36.12064335][35.95916029][36.00040049][36.1450181][36.58312506][36.61186146][36.81390509][36.68094019][36.61184392][36.61239075][36.62173107][35.89464731][35.17097377][35.40399584][35.49299278][35.00687594][36.08763075][36.70341074][36.86737464][36.56500843][36.87024651][36.57731248][36.14393292][35.37578967][35.98084916][36.59628038][37.30227774][37.6848195][37.49499993][37.6935264][38.02799752][37.70057317][37.60463546][38.27344021][38.63297609][38.7879792][38.84147157][38.2900844][38.19455563][38.72749815][38.62682567][38.82286375][38.90033985][39.19728977][39.83390019][40.35140404][39.6501305][38.59577631][38.92905361][39.06513692][39.41964302][39.78083186][39.91038956][40.01919249][39.76956339][38.78510111][38.16006323][37.94363122][37.422806][37.58994074][37.60809019][37.7568131][37.58636491][37.35416262][36.60896489][37.01848597][37.41262572][37.5642886][37.38720183][37.10082753][37.05683959][36.81056335][36.85817976][36.79790997][36.86410231][36.81673225][37.29902023][37.66731724][37.29640121][36.9875809][36.76323593][36.92462675][36.44818823][36.265101][36.26501706][36.46404226][36.20509661][36.49202821][36.96807598][37.35902131][37.65909719][37.29958507][37.29596567][37.48208586][37.39729419][37.15433141][36.93380257][37.16997795][36.95268805][36.83335192][36.37544728][36.5049003][37.7965009][38.34953082][37.88294965][37.74375719][38.12826351][38.93571201][38.94853572][39.23562717][39.36753972][39.18837557][39.14074766][39.17235216][39.34248779][39.59471034][39.87523206][40.14004763][40.56898707][40.4622732][40.48701615][40.63207175][40.88456197][40.73324466][40.68248627][40.66362589][41.15826572][41.56570566][42.16401735][43.33369082][43.22172195][43.31525994][43.32240348][43.5202688][43.91206543][43.55961339][43.24942146][43.05064524][43.58943147][43.96168411][44.06593883][44.55440599][44.76607551][44.65588919][44.6743195][44.92379204][45.00253609][44.97769769][44.92384146][44.8735056][44.80391965][44.90819794][44.79754646][45.44993394][45.60211083][45.57645775][45.48830831][46.00495579][46.38649649][46.84002835][47.01733261][46.65808043][46.4311105][46.10376235][45.6397637][45.23001626][45.23886255][46.18507439][46.63222665][47.26926204][48.20582026][48.45915251][48.31957599][48.40231934][48.60612231][48.71740457][48.688505][48.90977175][49.16807116][48.8497121][49.079383][49.11190046][48.95444971][48.61281475][49.0764255][48.66067326][48.3294969][48.25671709][48.64452007][48.42663769][48.94411872][49.14372924][49.59637982][50.39092802][50.80010203][50.78858711][51.1444322][50.98158498][51.06958786][51.65484514][51.84308098][51.5485768][52.28575916][52.43962654][51.81647721][52.76797074][53.38062374][53.8435293][55.47933821][57.12286446][57.60015972][57.43841144][58.62996203][58.63695543][58.55812423][60.24083069][60.88821177][60.79399171][61.32239301][62.33266662][63.59579282][63.73365394][63.77294184][64.134019][64.05737344][64.14810143][65.08831979][64.99734319][62.95165142][60.50275855][60.45175136][60.39257486][61.26298544][61.45774915][60.8532165][61.0780853][60.69310232][59.81461053][61.48574406][61.73749541][60.77440341][61.24698674][61.38097947][62.05431339][62.26321516][62.41602528][61.98878652][62.3290808][62.72436628][62.3158272][61.7802088][63.44147084][66.18703467][68.07343712][68.44991805][67.90606697][67.32959656][66.86974547][66.83450421][67.26151635][66.35829451][65.9643415][64.65992494][60.46986251][59.97249965][59.82120271][59.86946271][59.64636514][57.61548597][57.79441338][58.46695242][58.43602113][58.39954983][57.39611795][56.64771108][58.23843611][58.70485788][57.58018643][58.28125531][58.30558894][58.31985207][57.63869254][57.55488136][57.23837482][55.66106863][54.95183987][52.90306987][53.14116982][53.0288071][53.40811822][53.99270681][54.611987][54.29604935][53.50788518][54.12059524][54.05596239][56.71530457][58.45618815][60.56599282][62.27874589][62.44927423][62.31822637][62.4797679][63.33527363][62.61324927][63.11391105][63.60700149][63.31472295][62.3399656][62.9268483][62.60047007][61.54402494][62.47755114][63.52417289][63.90199289][63.85336751][62.86365231][62.24393677][63.21226227][62.43820854][61.93203824][61.43237806][60.08439032][59.52957398][59.80655703][59.60310934][59.69292296][60.02739107][61.07654854][62.02292373][61.99884267][59.89769397][58.42579614][59.03394084][58.94427011][58.8876501][58.94821339][59.79803009][59.27714752][59.6548387][62.00642479][62.2444239][61.57736576][61.4207163][62.71683605][63.34097171][63.60592461][63.9092464][63.84374256][63.84881449][64.8360184][64.86336309][65.1099881][64.75883542][63.85231685][65.61678626][66.15440024][65.89868882][65.87662835][65.76003753][63.9367554][62.81823757][63.69160263][63.84935953][64.18875575][64.47768105][65.32146372][66.14396042][66.85776209][66.92985322][67.73420991][67.79336641][70.39173963][70.8142424][70.96594791][71.52114019][71.14981927][71.20823937][72.51019924][73.55484133][73.10560171][73.39503027][72.59515577][73.11138883][73.9265543][75.10870819][75.23039291][76.39218775][76.45745694][76.55057014][76.97096527][76.32352494][76.46969722][77.27480183][78.21785885][77.97639396][78.31229678][78.37624953][78.00488789][76.94853471][75.47550719][75.12512658][73.8978344][74.99196475][75.11320055][74.56133087][73.37240806][73.19122635][73.37251935][72.50656399][71.59983547][71.75173753][73.49676191][73.79886892][73.48152638][73.76323117][73.34767322][72.76508409][73.67382453][74.01214339][75.04597509][75.41646293][74.88580073][75.61553963][78.32014375][78.8256876][79.10969271][79.11892626][79.47070291][79.35305652][79.37632572][80.49824452][81.42064655][81.86694997][81.04234026][79.69646128][81.29915988][78.58973651][78.33811378][79.42591009][77.74357354][75.72641539][75.78417868][76.7266057][77.75063786][77.85367252][77.82383038][78.32483208][79.20257033][81.15282217][80.80975222][79.00386559][79.83779751][81.35805833][83.10789329][85.69923783][85.84884107][86.2841021][86.50463245][85.90849716][88.31833547][89.18481483][90.38901861][90.2969374][89.26165506][89.11579891][88.59835561][88.23126441][90.1164176][91.92891734][92.22473607][92.39879706][91.92797117][92.04151641][91.18914153][92.34113996][92.65446452][91.34504723][91.42559213][92.18234354][93.09072217][94.32457362][94.33729528][93.69093599][91.23954739][90.37340829][93.57880794][93.3035363][91.07530677][90.57188119][89.82545416][91.15107841][92.37250376][92.31933055][93.2808345][95.20719449][95.01974937][94.0965021][93.54058445][93.39425013][93.8204869][94.98286856][95.30255744][94.89264892][94.67235738][94.12061333][94.26487274][94.07849468][96.58744778][97.19408627][96.89695676][95.53939113][95.00243026][96.02354814][95.8426012][95.41578664][96.09961969][97.09261797][98.36538741][98.27801003][98.78028025][97.83741317][98.98765943][99.27989114][98.7647931][98.94231901][98.83940694][98.80940937][98.16543868][96.69667133][94.19840028][94.00189799][93.62835437][94.04013673][94.61780435][94.73836807][94.72231202][94.10527916][93.48022187][94.10741312][94.40092774][94.43736999][94.87075558][96.14574481][92.81163307][96.02386154][95.60754597][95.0415088][97.12915189][50.61777968][51.24900702][51.65578506][51.62729822][51.6784516][50.90044818][50.52034671][50.40410484][50.72225264][51.41897647][50.11626134][48.16261417][48.118507][48.31508815][47.88299089][46.5167342][46.33266686][46.37225901][45.54912399][45.14752058][45.19838272][45.23865205][46.01144574][46.04182132][46.55973959][47.16847978][47.56574304][48.62479332][49.01685759][49.06365554][48.82237211][48.45194747][48.95351675][48.76190408][48.51194054][48.54665552][48.60216159][49.53876744][49.79584075][49.75778969][49.0825976][49.32551455][49.04882634][49.27786363][49.51816959][49.38564324][48.91673327][48.66315467][48.68314758][48.67245801][48.67039517][47.94531399][46.78818988][46.76477204][46.44767679][46.37062398][46.11258809][45.95201648][45.1952462][45.28656271][46.12469841][46.30592577][45.36890957][45.08762843][45.4575883][45.00307048][44.575001][44.84471488][44.51742314][45.26610032][46.83450984][47.74797673][49.40443988][49.35810652][51.36801777][51.69608005][53.07690508][54.30089408][54.53758837][53.91978836][55.02669384][55.62480653][56.86146929][56.82606034][56.78246965][57.00405555][57.40318265][57.93837342][57.56453102][57.95614863][57.35119138][56.78499443][57.13863474][56.86249146][56.05792388][56.15853335][56.7952147][57.20803847][57.67820924][60.34899002][58.89272156][57.04810424][57.78149573][59.22207596][58.86731954][59.07866482][57.79786461][57.98645801][57.4479998][57.92531827][58.71186015][58.53289265][57.57427632][57.85802716][57.78569195][58.43548335][58.52544267][59.61945654][60.39319337][60.78998845][61.26535518][61.56390939][61.80499136][61.62442948][60.89593762][60.85959044][61.93977238][61.63022169][62.02045439][63.1310787][62.57467429][62.91926863][63.1072753][65.29885434][65.8573196][68.46053519][69.66387261][70.63052119][70.67290373][70.6430529][71.11909266][70.44164505][68.51942855][66.79995127][67.52228423][67.74316806][67.38780577][65.6166692][66.00511956][66.57211912][64.38596408][63.56810103][63.84354959][64.6746983][65.45657407][64.74366782][65.73558902][65.19805001][65.15873476][65.13879862][65.27523486][66.10608045][66.73346335][66.76572087][66.42023535][65.26562122][65.10404244][65.26800209][65.80345413][67.39206142][68.12572943][68.53478309][69.24026626][69.55763106][69.37687753][69.47736571][69.19834152][68.00887716][67.09004191][65.46941118][66.45432484][67.26725865][67.18515362][65.96646639][65.01409019][63.57788821][63.85209465][65.29534001][65.89355077][65.32527929][65.07998412][64.18099379][64.07453467][64.12246816][64.28134777][64.52696851][65.57310284][65.75424041][66.57052032][68.79573104][68.9236622][67.77538862][66.93866632][65.87160254][66.19163776][66.36989931][64.47404109][64.24928868][65.60467943][67.22608315][67.28915634][66.64672258][66.50857625][66.78879182][67.50998188][68.18730151][68.55477431][66.83530268][65.55139963][65.84254622][64.93319162][64.28689363][64.8170137][65.41882048][66.74622877][66.66159179][66.98354308][66.93048211][66.6569336][65.43679941][62.65219499][62.08025016][62.78282901][64.0908963][64.0228369][63.8782076][63.42057383][64.71867739][65.79473968][66.96711166][67.90483239][67.5737047][67.33179173][66.44846604][65.59713656][65.82040031][66.14599383][65.9836261][66.67030227][67.98219908][67.64648545][67.82896719][70.48187958][72.74072519][73.64496835][74.42507271][75.18154628][75.48463888][75.27033978][75.19685082][75.81764909][76.54788992][75.08148325][73.86077439][74.55984203][75.17819415][75.39866263][76.07364911][77.80717583][78.38567699][79.17009039][79.66833227][78.27473031][79.19606301][79.69915141][79.30360325][79.5518931][79.54815882][81.08327526][81.82561659][81.35901939][80.05717986][77.93688274][73.53548206][76.49286364][76.73289267][77.37430886][76.66655046][76.26164956][75.08974443][78.1121949][79.25709071][78.78868664][80.96684118][82.13474116][82.12297452][81.66640329][81.75117798][80.80836693][79.9817968][80.14822626][79.35382368][81.27181574][80.57530846][79.86324612][79.66928729][80.75298979][79.89829478][78.73843075][79.75850474][80.05250754][79.43816432][80.91690918][78.89378642][76.3845104][76.61704127][76.66260466][77.91464402][76.29055908][75.03525402][75.86290199][76.29462876][77.03522643][77.28544047][76.50513013][76.74300409][78.6929881][79.48891932][79.09272681][77.61946663][76.24424123][76.87206251][77.4517477][78.06359422][77.95983295][78.31881521][78.61576722][78.13060087][78.33374685][79.12253561][77.72105602][76.89465396][76.74461385][78.26612038][78.27770988][79.33399261][81.2469317][81.62223068][79.81034359][80.15782102][80.23689735][80.13866242][80.88167037][82.28654457][81.86524289][83.95522953][86.36332715][85.80983772][84.98437126][84.69219249][83.26074885][82.89857632][82.56739921][82.8248396][82.75827907][81.19345083][82.12085868][81.90420388][82.22252447][82.59219206][82.51900414][82.88799653][82.38172984][81.1134358][79.18696527][78.56065887][77.96479332][76.32006154][73.92871373][71.70103687][72.00679611][70.79337436][69.45205954][69.53421889][69.5276814][68.42658851][71.98199924][74.38550526][74.21593417][71.61456056][72.0244374][70.22628396][70.38104017][71.12358503][70.16735703][68.79435347][69.20218087][68.23058381][64.65555215][65.67304233][68.07487862][67.62611699][69.15243334][70.19287429][71.86021734][72.83218637][72.70264923][73.61869713][73.26740902][73.75240164][75.00423371][75.47552549][74.68061965][76.51049548][77.51595586][78.22664894][78.46798272][77.66326934][76.96339467][77.75468205][77.52886615][79.98208918][80.41023636][80.0118336][80.41209774][81.07786482][81.98586584][82.42765934][81.97950906][81.7441644][80.69943158][81.72778638][82.26641471][82.67711038][82.54499261][81.86579821][78.9554394][80.03459371][80.08510082][79.35777732][79.30897652][79.77409629][79.55509563][81.40801599][82.46947562][82.31688883][82.54458102][82.45002614][82.19191612][81.09651376][77.88510066][76.50246481][75.26111274][74.79174563][73.58934674][71.86412364][71.37902897][71.29078635][70.30115415][70.2158183][69.52506587][69.95417724][70.25020883][69.37191265][68.11818637][67.28930253][67.60509642][67.2875928][67.37749384][66.94648044][66.66248343][66.59590383][67.47458935][68.12214267][67.56116204][67.62946363][67.52278182][67.1160398][66.94866909][66.60267144][66.13489173][66.97327623][67.60813221][68.14637406][67.986261][66.64724509][64.3186794][63.15048648][61.98297393][61.52577175][61.48541319][61.89123057][61.64618834][61.24876852][58.65863431][57.19424408][58.1638015][59.0213548][59.5351985][60.01144159][59.9784437][59.68166505][60.55827377][61.29836703][61.59319979][63.77227486][64.73272303][65.50372438][65.95829425][65.86811291][64.98894356][64.95960902][65.418749][66.09176166][66.68425246][67.17822964][68.72694335][69.05130249][68.99032498][68.4114273][67.40543819][66.09019096][66.16351816][66.99869315][67.03724369][66.78290945][65.94600021][67.0147126][66.78221624][66.97361972][66.96434939][67.78333478][68.45242096][68.22288993][67.7968068][68.31404677][68.63843194][68.99780862][68.76276652][68.18822013][68.51244808][68.45745394][68.67434678][68.7390001][69.53999939][71.22655349][71.92099925][71.00923039][70.13253717][70.14777287][68.62171777][67.81587204][67.2934233][66.95542972][66.83254832][67.38959397][67.90571216][66.97740531][66.27813971][66.58213604][67.62743852][66.88344008][66.87614563][67.50580018][69.69533393][69.38641722][69.64092973][69.57948026][70.13232213][70.58506646][71.20549087][72.97642825][73.61839513][73.10457595][73.15638801][73.5631074][75.39527807][75.11540844][74.98756461][73.81454526][72.14254084][72.25306933][72.42249497][72.80392758][72.77534548][72.43976805][71.30476202][71.03677938][72.78122333][73.32748357][73.2540466][75.04838294][75.47435411][77.54215578][79.50320679][78.30669791][78.73128343][80.21506335][79.50219687][80.9726915][82.52122544][83.05861354][82.6927439][82.9290581][82.37083448][82.83732851][84.2017155][84.33739495][84.24282838][86.64186281][88.24191701][89.30118496][88.06820121][87.33824861][86.77990398][89.32278425][89.97276387][89.61611061][90.92809287][90.89093685][90.16320572][89.72647632][90.51446421][89.68850618][88.56729794][88.57021565][88.98530921][88.42717705][88.58447049][87.20530199][87.30557289][90.56726641][93.23186469][92.93424587][93.42834585][93.48998904][92.44517832][93.48856056][93.96783641][93.50322056][92.70434824][93.13937056][94.58180728][95.14227859][93.58813728][93.2649367][93.46748265][93.45958403][94.08584459][94.57683993][94.36061682][96.29178959][97.32575058][97.38060956][97.17161798][96.80189278][96.51814108][96.2420277][95.75885063][95.96102536][96.30739914][96.20871707][95.71393652][96.72334829][97.36152225][99.00635685][97.95487396][97.42750541][97.18040486][95.22127748][94.82941635][94.84281387][95.27238163][96.32758597][95.03599461][94.16894578][94.47748068][93.58166526][94.45097462][93.71342879][92.01556378][93.50943116][94.14791983][94.0116033][95.42768126][95.12006685][93.72330933][92.52539989][91.95964131][91.20215067][90.35896879][89.77247146][89.00212032][89.16346304][88.78473196][89.09147415][87.50027284][86.68576511][86.85230681][87.13861828][87.93892889][88.65156352][90.54107308][91.00257071][89.81569907][85.68311][85.148948][85.03008477][85.72146382][86.43200485][86.30458394][85.47426999][84.67153259][84.29122381][83.86656549][83.55616051][83.76319658][84.92823432][84.96317658][83.47662008][82.92551246][84.19269982][85.19600305][85.67530664][85.51639364][85.89504664][86.60574065][86.0985294][86.65577942][87.75911776][89.03980714][89.03662667][89.08423573][90.67202702][91.00566789][90.26756438][89.17923425][89.09418908][88.90734663][88.30527991][88.40580583][89.93122639][90.00283708][90.2296412][91.1122534][91.17753334][91.54851822][89.72283636][88.9292228][88.84429174][89.47089448][90.0869793][90.94125536][91.05947876][92.64885208][92.72315525][91.99584174][93.38360565][93.98540885][93.05224217][92.09600964][91.03375551][90.16269529][89.52031473][88.47932997][87.57170829][87.43725719][87.03350947][87.57318129][87.08329037][85.96373169][85.55192198][85.53969188][85.36394625][85.55192198][86.117169][85.83123007][84.62900688][83.9697388][84.29079488][85.28161713][84.5318544][84.29196626][82.61806197][79.62284226][78.81653931][78.27629291][76.75435198][75.09829004][75.58759415][75.6623619][74.73978897][74.77016625][75.26055006][75.7335378][74.58893267][73.87546619][74.56507194][74.49355726][75.86860365][76.55282311][76.82152367][77.88076636][76.75053433][74.96641711][73.58737784][73.58919357][73.68883349][74.66651987][75.41827036][75.99609588][75.76046941][76.06082087][76.66664015][77.20866532][79.36401396][81.46987724][80.59984259][80.42785256][80.77592727][81.65653898][81.46546748][80.85772908][80.99259574][80.86077034][81.13871257][80.79765981][79.76433241][79.85442812][79.71392883][79.28316782][74.91694086][69.21478824][67.43404463][67.3868532][67.31494825][66.76254531][66.18191679][64.77925652][65.04414491][64.54806773][63.34504043][63.3851945][63.65366362][63.22525122][62.893618][64.90112763][66.80979767][67.31747832][67.04565576][67.19113163][67.04564426][66.61473234][66.48845017][67.60339312][69.7483985][70.35159206][69.26414133][69.24437799][69.24780045][69.01452958][69.54253777][70.72651681][70.64436962][71.08338285][70.35184086][70.49336364][71.67233329][73.72404891][74.04058336][74.25437817][75.52513853][75.01796793][75.18441172][75.22629194][75.0932546][74.82915525][75.18727605][75.39952617][75.04716326][74.5861138][75.8889187][72.58762044][72.24513167][74.81807637][75.02879406][73.56684451][72.30415556][71.31716][70.56217075][69.60713506][70.09677229][66.76765771][63.75539827][64.84783908][66.20080359][65.50805151][66.66478735][66.14007807][66.1929374][64.94835603][64.12301876][65.14789373][65.52414114][65.87041305][66.9075034][67.41455121][67.8380787][67.6053473][66.6660685][65.77937024][66.24330478][65.99460541][65.86363487][66.91038036][66.86365428][65.98737491][65.9937913][64.96139232][64.67508782][65.20143155][65.13562062][65.83238557][66.0534867][66.56038549][68.67169374][68.63296757][66.98343783][67.53209536][66.93119456][66.30867279][65.28372577][64.71125581][63.73669841][63.42980926][63.31411688][62.86854835][63.13796212][61.60855453][60.88410685][61.91199968][63.13927799][62.68674152][61.92995182][61.5068642][60.86699467][61.44312432][64.43451328][66.14440049][66.56809869][67.0939486][66.7693182][66.69058679][69.67888592][68.28617976][67.01738019][66.98032244][67.24233594][66.80197563][66.3493141][65.7116851][64.41095338][63.84251647][63.54444232][63.00113184][62.43468911][61.89100684][61.90370361][61.62971749][60.88648658][60.50363416][60.48555715][59.80070653][59.70642837][59.63649175][59.65185704][60.7771191][62.72276616][62.3577624][61.82516988][62.06750548][62.34540319][63.19033611][62.72381247][62.80776889][63.44875718][63.45162621][63.94034047][63.8560864][63.20327186][63.7040855][64.02220199][63.83308977][63.67252401][64.20828049][65.07554192][64.83116593][63.54081726][62.68849841][61.68032648][61.54392591][61.9387304][62.08895875][62.90313827][63.27821203][63.39158297][64.35941615][64.36043926][62.38923967][62.219035][62.46443581][62.82776727][63.06411892][64.48318278][64.74110869][63.62840949][62.40738723][61.88746271][60.61416077][63.66233491][65.56592931][63.82116676][64.03203537][63.32117705][62.52733564][63.69406707][64.13259976][64.9937253][65.35017125][65.19292233][64.5241057][63.75567555][63.80472987][64.49164446][65.5478439][65.97259738][67.13981303][67.95842455][66.8083458][65.99048822][65.8228189][66.44366526][67.70516002][68.0391707][68.4217415][68.29166638][68.78698339][69.30734025][68.79793383][68.00845766][68.81494001][69.54955173][69.52956221][69.18721264][69.51808049][70.07498514][70.11136721][70.60342019][70.77070999][70.94388914][69.65994762][68.02238541][67.99223901][69.8749389][69.72978482][69.33686436][68.04113904][67.64546893][67.75581597][67.42542581][66.70019967][65.10967611][62.82355671][61.92712711][63.22241445][63.14604013][64.35562039][66.09198783][64.71835596][63.73550419][64.46987787][64.01593744][63.71601908][63.9345346][63.20045206][63.22104472][63.67120871][64.31569605][64.21376939][65.45493414][65.07893439][65.40940755][66.91351424][66.98046693][67.00232689][67.09746444][68.14623598][68.70918173][68.40817836][68.65093894][68.73430911][68.1661823][69.4587881][70.05737215][70.44052563][71.22391308][74.46120524][74.59071898][74.0066544][74.28131525][72.07494963][70.44557351][68.50774389][65.68940903][64.7276992][63.89129426][63.12800574][63.30645236][63.12809647][63.83646565][63.8723407][62.57634016][61.79212597][59.80183434][61.12302281][61.75486016][62.15684479][62.10849179][62.31900013][60.85917338][61.13387366][61.66267794][62.20044699][62.95912638][63.8730954][64.88898788][65.27307016][65.95651474][66.36272199][65.86778885][65.88594169][65.64114921][65.27513715][66.96790919][65.25028781][65.30849043][65.69030972][65.96213775][65.40738526][65.58991171][65.65284718][65.85458411][65.67120412][66.04641408][66.06845455][66.99857412][67.86032345][67.92030973][67.58251912][67.68088334][66.49304252][64.884076][64.52163222][63.89377208][64.07638869][64.17399087][63.55333143][63.09259982][62.89743188][61.91817801][60.41434314][58.63058149][57.45120196][57.13587887][57.08095538][56.52256633][57.09411524][57.59418907][57.28726484][57.36299065][57.79211758][57.28195703][56.78435083][56.44012148][55.60888214][55.68886331][56.30302176][56.75757503][57.42563357][58.58292114][59.63655966][59.83937573][59.41599725][59.80329772][59.73099778][59.4191149][60.15035583][61.00802552][61.92565316][61.7971231][62.00876528][62.94785545][62.74515898][62.09997276][62.01365321][62.31391847][61.64393706][70.5680887][68.50157983][64.04634635][63.31940715][63.47806855][63.81180089][63.1043874][62.682998]
 Actual Values: 
 [64.48] [62.99] [63.55] [64.55] [64.48] [66.18] [66.53] [67.48] [66.19] [68.2] [68.43] [66.16] [64.6] [66.52] [66.28] [68.41] [68.4] [69.24] [67.54999999999998] [67.8] [66.12] [68.23] [66.99] [66.65] [66.0] [64.92] [63.99] [63.85] [62.1] [60.75] [63.54] [64.13] [65.64] [68.97] [69.95000000000002] [70.0] [70.72] [70.13] [69.63] [68.26999999999998] [69.05] [70.83] [70.05000000000001] [72.83000000000001] [73.68] [76.15] [75.24000000000001] [75.79] [76.70000000000002] [76.42] [75.94] [75.26000000000002] [74.73] [75.95] [76.43] [73.86] [74.0] [74.98] [74.34] [73.86] [73.22] [73.19] [71.78] [73.24] [72.46000000000001] [73.45000000000002] [73.66] [73.57999999999998] [73.51] [74.74] [72.47] [72.7] [73.79] [74.81] [76.47999999999999] [77.27] [78.49000000000001] [77.85] [77.44999999999999] [76.35999999999999] [76.28] [75.05] [75.37] [75.55] [76.22] [75.63999999999999] [77.56] [76.20999999999998] [72.05] [70.07999999999998] [69.00999999999999] [67.74] [69.29] [69.64] [68.87] [69.56] [68.63999999999999] [68.1] [68.26000000000002] [68.52] [68.59] [69.37] [69.0] [69.93] [69.61] [71.75] [34.89] [35.08] [35.28] [35.05] [34.71] [34.94] [35.93] [35.63] [35.76] [36.33] [35.75] [35.64] [35.66] [36.22] [35.32] [35.27] [34.57] [34.64] [35.06] [34.84] [35.07] [35.12] [35.35] [35.1] [33.96] [33.81] [34.37] [34.22] [34.01] [34.03] [33.76] [33.51] [33.02] [33.24] [33.09] [33.41] [33.79] [34.05] [33.68] [33.78] [34.05] [33.7] [33.65] [32.14] [32.33] [32.82] [32.19] [32.41] [33.84] [34.11] [33.91] [33.8] [33.73] [33.97] [32.44] [32.87] [33.83] [34.29] [35.0] [34.65] [34.8] [35.52] [35.34] [34.36] [35.44] [35.81] [36.25] [36.36] [35.86] [35.28] [35.91] [36.0] [36.47] [36.12] [36.5] [36.79] [37.27] [37.66] [36.04] [35.85] [36.28] [36.62] [36.99] [37.49] [37.24] [37.51] [36.4] [35.44] [35.66] [34.9] [35.02] [34.57] [34.98] [34.96] [35.06] [33.7] [34.07] [34.5] [34.91] [34.63] [34.41] [34.31] [34.04] [34.23] [34.0] [34.15] [34.09] [34.2] [34.78] [34.73] [34.38] [33.9] [34.4] [33.79] [33.54] [33.44] [33.77] [33.43] [33.36] [33.88] [34.53] [34.85] [34.65] [34.44] [34.67] [34.87] [34.5] [34.29] [34.32] [34.27] [34.35] [33.53] [33.72] [33.95] [35.87] [35.31] [34.94] [35.24] [35.96] [36.41] [36.47] [36.48] [36.78] [36.5] [36.62] [36.66] [37.02] [37.25] [37.48] [37.8] [38.09] [37.64] [37.99] [38.44] [38.3] [38.12] [38.05] [38.25] [39.12] [39.17] [40.19] [41.17] [40.49] [40.96] [40.9] [41.18] [41.41] [40.5] [40.75] [40.89] [41.43] [41.8] [42.0] [42.489999999999995] [42.32] [42.27] [42.78] [42.62] [42.88] [42.61] [42.650000000000006] [42.45] [42.75] [42.44] [42.76] [43.39] [43.05] [43.209999999999994] [43.4] [44.040000000000006] [44.32] [44.87] [44.62] [44.33] [44.11] [43.46] [43.18] [42.83] [44.03] [44.03] [44.75] [45.36] [46.29] [46.16] [46.510000000000005] [46.17] [46.85] [46.45] [46.709999999999994] [47.24000000000001] [46.96] [46.78] [47.41] [46.75] [46.38] [46.769999999999996] [46.69] [46.36] [46.13] [46.31] [46.11] [46.65] [46.58] [47.19] [47.99] [48.81999999999999] [48.81] [48.879999999999995] [49.33] [48.93000000000001] [48.92] [50.21] [49.61] [49.93] [50.95] [49.86] [49.84] [51.5] [51.36] [52.52] [54.79] [56.17] [55.8] [56.6] [57.12] [56.98] [57.43] [59.51] [59.53] [58.83] [60.85] [61.35] [62.71] [62.13] [63.17] [62.6] [62.38] [63.63] [63.75] [62.97] [59.47] [57.66] [58.46] [59.54] [60.73] [59.06] [59.63] [59.1] [59.06] [58.25] [60.81] [59.81] [58.81] [60.35] [59.69] [61.05] [61.29] [60.42] [60.68] [61.22] [61.64] [60.1] [61.34] [63.0] [66.47999999999999] [67.47] [67.44] [66.16] [65.22] [65.83000000000001] [65.18] [65.92] [64.15] [65.22] [59.25] [58.6] [56.9] [58.26] [59.27] [55.87] [55.91] [56.05] [56.95] [56.58] [56.28] [54.85] [55.4] [57.4] [55.33] [56.76] [56.4] [56.93] [56.46] [55.47] [56.1] [54.34] [53.91] [51.04] [51.35] [51.73] [50.88] [52.05] [52.2] [52.89] [51.29] [52.5] [52.4] [52.6] [55.63] [58.57] [59.98] [61.12] [61.29] [60.2] [61.75] [61.0] [61.5] [62.67] [62.4] [61.2] [59.94] [62.22] [59.94] [60.8] [61.51] [62.07] [62.72] [62.03] [60.7] [61.94] [61.62] [60.0] [60.91] [58.48] [57.96] [57.88] [58.67] [57.65] [58.41] [58.9] [60.36] [61.01] [59.35] [56.9] [56.86] [57.86] [57.68] [56.61] [58.12] [57.99] [57.72] [59.47] [61.1] [60.57] [59.64] [61.25] [61.8] [62.15] [62.78] [62.72] [62.34] [62.86] [63.9] [63.51] [63.51] [62.58] [62.86] [65.21] [64.85] [64.59] [64.34] [63.5] [61.44] [62.57] [62.81] [62.12] [63.58] [63.66] [64.37] [66.0] [65.9] [66.45000000000002] [66.4] [68.98999999999998] [69.59] [69.92] [70.54999999999998] [70.69] [69.72999999999999] [71.14] [72.46000000000001] [72.22] [73.09] [72.47] [71.51] [73.12] [73.32] [74.69] [75.2] [76.04] [75.88] [76.67] [75.86000000000001] [75.8] [76.22] [77.6] [77.99] [77.36] [78.16999999999999] [77.77000000000001] [76.95000000000002] [75.0] [74.55] [72.83000000000001] [73.88] [74.57] [74.27000000000001] [73.0] [72.62] [72.97999999999999] [72.43] [70.97] [71.12] [71.01] [73.51] [72.29] [73.32999999999998] [73.1] [72.01000000000002] [72.45] [73.32999999999998] [74.29] [75.26000000000002] [74.4] [73.86] [76.51] [77.14] [79.46000000000001] [77.78] [79.37] [78.56] [79.29] [79.77] [80.13] [82.0] [81.0] [79.63] [78.6] [78.58] [77.71] [78.53999999999999] [78.6] [74.35] [75.14000000000001] [75.17] [76.57] [77.91] [77.15] [77.51] [76.945] [79.6] [81.12] [78.59] [78.51] [80.15] [81.68] [85.88] [85.57] [85.78999999999999] [85.97999999999999] [85.38] [87.1] [89.10999999999999] [89.70999999999998] [91.20999999999998] [89.03999999999999] [89.35999999999999] [88.56] [88.88999999999999] [88.06] [92.26999999999998] [91.85999999999999] [92.41999999999999] [92.19999999999999] [93.19999999999999] [91.32] [91.91999999999999] [93.63] [91.51999999999998] [91.5] [91.15] [92.72999999999999] [94.0] [94.59] [95.04999999999998] [91.94999999999999] [90.38] [91.68] [94.85999999999999] [91.0] [91.56] [89.75999999999999] [89.97999999999999] [92.32] [92.94] [93.07999999999998] [94.93] [96.09] [95.04999999999998] [94.4] [93.78] [94.35] [94.44] [96.00999999999999] [95.44] [95.47999999999999] [94.97] [93.98999999999998] [94.50999999999999] [96.09] [97.66] [97.9] [96.53] [95.4] [95.48999999999998] [97.18] [95.60999999999999] [96.15] [96.9] [99.66] [98.23999999999998] [99.48999999999998] [98.25999999999999] [98.72] [100.1] [99.73999999999998] [99.88999999999999] [99.35] [100.0] [98.95999999999998] [97.69999999999999] [95.69] [93.04999999999998] [94.28999999999999] [93.6] [95.22999999999999] [95.37] [95.4] [94.88999999999999] [93.45999999999998] [93.53] [95.28] [94.41999999999999] [95.38999999999999] [95.25] [96.43] [96.00999999999999] [96.85999999999999] [93.22999999999999] [97.98999999999998] [48.14999999999999] [49.13] [49.8] [49.75] [50.03] [49.27] [48.14999999999999] [48.61] [48.78] [49.19] [49.7] [45.81] [46.32] [45.98] [46.03999999999999] [44.5] [43.66] [44.46] [43.48] [42.7] [42.96000000000001] [42.71] [43.56] [43.879999999999995] [43.8] [44.84] [45.44] [45.84] [47.18000000000001] [46.82000000000001] [47.230000000000004] [46.150000000000006] [46.99] [46.96] [46.41] [46.21000000000001] [46.72] [46.34] [48.05] [47.68] [47.02] [47.27] [47.08] [46.81] [47.55] [47.42999999999999] [47.28] [46.22] [46.8] [46.36] [46.86] [46.25] [44.84] [44.14] [44.57] [43.82] [43.79] [43.83] [43.14] [42.88] [43.51] [44.48] [43.15] [42.8] [43.25] [42.57] [42.36] [42.02] [41.78] [41.49] [44.51] [44.7] [46.89] [47.64] [48.27000000000001] [49.21] [50.31] [52.06] [52.73] [51.96] [53.2] [53.22] [54.74] [55.97] [54.65] [55.4] [55.05] [56.5] [55.87] [56.34] [56.01] [55.22] [54.91] [55.5] [54.35] [54.61] [54.93] [55.1] [56.0] [58.11] [58.53] [55.18] [55.38] [58.03] [57.21] [57.39] [56.12] [56.97] [55.8] [56.63] [56.27] [57.72] [55.73] [56.25] [56.19] [56.56] [57.23] [57.24] [58.75] [58.83] [59.74] [60.26] [60.54] [60.81] [59.78] [59.06] [60.0] [60.65] [60.67] [61.53] [60.63] [61.69] [61.09] [63.4] [64.4] [66.9] [68.1] [68.77] [69.37] [70.5] [68.8] [70.37] [67.7] [66.0] [65.95999999999998] [66.80000000000001] [66.57] [65.15] [64.19] [65.9] [63.57] [62.16] [62.61] [63.12] [65.18] [62.76] [65.01] [63.54] [64.24] [64.12] [64.48] [64.4] [65.0] [65.68] [65.75] [64.33] [63.72] [63.98] [64.01] [65.06] [67.25] [67.51] [67.51] [68.92] [68.46] [68.63] [68.68] [67.19999999999999] [66.89] [63.92] [64.93] [66.20999999999998] [66.13] [65.33] [64.02] [61.95] [62.13] [63.01] [64.96] [64.18] [63.76] [63.2] [63.2] [62.02] [62.9] [63.37] [63.75] [64.94] [63.65] [66.94] [68.22] [67.0] [66.15] [64.91] [64.48] [65.55] [63.4] [62.5] [63.27] [65.85999999999999] [65.95999999999998] [65.89] [65.72] [65.24] [66.36] [66.39] [67.87] [66.74] [64.09] [64.89] [64.44] [62.72] [63.49] [63.7] [65.01] [65.1] [65.95] [65.81] [65.48] [65.02] [61.88] [60.15] [60.89] [61.71] [62.86] [62.68] [62.15] [62.61] [64.31] [65.62] [67.07] [66.57999999999998] [66.67] [65.8] [64.29] [64.55] [65.55] [64.66] [64.61] [66.25] [67.04] [67.07] [68.01] [71.51] [71.96] [73.49] [73.99] [74.99000000000001] [75.03999999999999] [74.22] [74.46] [76.88] [74.49] [73.39] [73.39] [74.36] [74.4] [75.36000000000001] [76.14] [78.12] [78.16] [80.09] [77.6] [78.63] [78.24] [79.27] [78.48] [78.58] [79.60999999999999] [81.56] [80.75] [80.04] [77.65] [70.03] [75.87] [76.08000000000001] [77.17] [76.2] [75.89] [73.65] [75.78] [79.0] [77.16] [79.95] [82.0] [82.09] [80.85] [81.81] [81.04999999999998] [79.6] [79.60999999999999] [78.82] [79.21000000000001] [80.84] [78.65] [79.48000000000002] [79.84] [80.41] [78.08] [79.07] [78.88] [79.02] [79.73000000000002] [80.55000000000001] [74.69] [75.73] [75.16] [76.28] [76.77] [74.83] [74.06] [75.9] [75.73999999999998] [76.85] [76.43] [76.18] [76.89] [78.76000000000002] [79.05] [78.21] [75.17] [75.78] [76.54] [77.79999999999998] [77.68] [77.87] [77.96] [78.07] [76.97999999999999] [78.88999999999999] [77.53] [76.52] [75.38] [77.0] [77.56] [78.51999999999998] [79.59] [81.95] [79.32] [80.01] [79.81] [79.77] [79.84] [81.76] [82.15] [81.63] [86.10999999999999] [85.78999999999999] [85.15] [84.44999999999999] [83.5] [82.98999999999998] [82.57999999999998] [82.59] [82.78999999999999] [80.97] [80.79] [81.78] [81.6] [82.11] [82.13] [82.54999999999998] [82.76999999999998] [81.0] [79.16] [78.6] [76.53] [76.57] [74.89000000000001] [70.66] [71.16] [71.13] [67.33] [67.66] [69.42] [66.73] [68.61000000000001] [74.38] [73.03] [70.15] [71.46] [69.82999999999998] [68.13] [70.05000000000001] [69.99] [68.3] [67.11] [68.48] [63.36] [62.22] [66.84] [65.85999999999999] [67.84] [68.9] [69.9] [72.0] [71.47] [73.1] [72.31] [72.32] [73.68] [75.0] [74.09] [74.19999999999999] [76.65] [77.07] [78.45] [77.05000000000001] [76.04] [76.97] [77.39] [77.83] [80.24] [79.4] [79.5] [80.42] [80.69999999999999] [82.28] [81.2] [81.8] [80.47] [80.52] [81.54000000000002] [82.59] [82.38999999999999] [81.26] [78.22] [78.39000000000001] [79.95999999999998] [79.45] [78.71] [79.78] [78.88] [80.03] [82.13999999999999] [81.85] [82.50999999999999] [82.35999999999999] [82.1] [81.43] [77.69999999999999] [76.67] [74.57] [74.24] [73.5] [71.56] [70.56] [70.5] [69.68] [69.09] [68.68] [68.97] [69.31] [68.7] [68.03] [65.72] [66.61] [66.39] [65.49] [66.06] [65.65] [65.54] [65.84] [66.85] [66.77] [66.29] [66.64] [66.22] [65.59] [65.9] [65.0] [65.0] [66.31] [66.39] [66.9] [66.31] [63.91] [61.62] [60.74] [60.31] [60.53] [60.11] [60.46] [60.35] [57.02] [55.55] [56.55] [57.14] [57.95] [58.24] [58.56] [57.87] [58.37] [59.72] [60.17] [61.27] [63.84] [63.71] [64.67] [64.92] [63.84] [64.03] [62.95] [65.17] [65.65] [65.66] [67.8] [67.7] [68.44] [67.35] [67.23] [64.65] [65.14] [65.56] [66.1] [66.16] [64.96] [65.53] [65.89] [65.54] [65.69] [65.97] [67.19999999999999] [67.29] [66.80000000000001] [67.14] [67.18] [67.72] [68.19] [67.31] [67.12] [67.43] [67.81] [67.26] [68.25] [69.28] [70.86] [70.96] [68.35] [69.57] [68.25] [66.57999999999998] [66.56] [65.8] [65.9] [65.83000000000001] [67.04999999999998] [65.73000000000002] [65.62] [64.75] [66.29] [66.01] [65.6] [65.6] [68.42] [68.62] [68.38] [69.07] [68.28999999999999] [70.0] [69.86] [71.01] [73.18] [72.33] [72.45] [72.03999999999999] [74.23] [74.33] [74.88] [73.42] [70.5] [71.47] [71.22] [72.08] [72.23999999999998] [71.55] [70.96] [69.70000000000002] [71.38] [72.46000000000001] [71.24] [73.34] [74.52000000000001] [75.71000000000001] [79.21000000000001] [78.0] [77.66] [78.49000000000001] [79.5] [79.13] [81.47] [83.0] [82.34] [82.47] [81.41999999999999] [81.9] [83.0] [84.97999999999999] [83.20999999999998] [84.70999999999998] [87.56] [88.88999999999999] [89.04999999999998] [87.00999999999999] [86.66] [87.25999999999999] [90.78999999999999] [88.91999999999999] [90.63999999999999] [91.25999999999999] [91.22] [89.38] [90.87] [90.44] [88.70999999999998] [88.73999999999998] [88.91999999999999] [87.54999999999998] [89.16] [87.60999999999999] [86.78] [88.45999999999998] [92.79999999999998] [93.22] [93.29999999999998] [94.0] [92.48999999999998] [93.28999999999999] [94.28999999999999] [94.38] [93.00999999999999] [93.54999999999998] [93.75] [96.04999999999998] [94.06] [93.68] [93.82999999999998] [92.94] [94.66999999999999] [94.75] [95.41999999999999] [95.1] [97.07999999999998] [98.37] [97.47] [98.10999999999999] [97.10999999999999] [96.98999999999998] [96.12] [96.34] [96.38] [97.25] [95.19999999999999] [96.75999999999999] [97.91] [98.03999999999999] [99.91] [96.54999999999998] [98.47] [96.15] [95.26999999999998] [95.38999999999999] [94.57999999999998] [96.32999999999998] [96.22] [93.10999999999999] [95.38] [94.54999999999998] [95.19] [95.4] [91.66] [92.98999999999998] [94.23999999999998] [93.44] [94.97] [96.5] [94.35999999999999] [93.35999999999999] [92.41999999999999] [92.13999999999999] [90.81] [90.28] [88.98999999999998] [89.4] [88.78999999999999] [89.6] [88.32999999999998] [86.59] [86.97] [86.94] [87.6] [88.44999999999999] [90.75] [91.0] [90.35] [86.18] [84.97999999999999] [85.34] [84.4] [86.4] [86.68] [85.72] [85.26999999999998] [84.22999999999999] [84.07999999999998] [83.15] [83.44999999999999] [84.31] [85.22] [84.0] [82.12] [83.16999999999999] [84.85] [85.23999999999998] [85.85] [84.75] [86.41999999999999] [86.13] [86.15] [87.25999999999999] [88.60999999999999] [89.13] [88.69] [89.4] [91.81] [90.78] [89.75] [89.43] [88.82999999999998] [88.66999999999999] [88.34] [89.34] [90.76999999999998] [90.00999999999999] [91.69999999999999] [91.09] [92.01999999999998] [90.48999999999998] [89.50999999999999] [88.72999999999999] [89.4] [90.26999999999998] [90.47999999999999] [91.0] [91.68] [93.06] [92.66] [92.5] [94.28999999999999] [94.0] [92.70999999999998] [91.75] [90.54999999999998] [90.25999999999999] [88.88999999999999] [88.19] [87.54999999999998] [85.28] [87.01999999999998] [87.57999999999998] [86.53999999999999] [85.22] [85.38999999999999] [85.41] [85.22] [86.15] [85.85] [84.87] [83.98999999999998] [83.60999999999999] [85.38999999999999] [84.78999999999999] [84.09] [83.70999999999998] [79.77] [78.5] [78.23] [77.11] [75.18] [73.91] [75.68] [73.87] [74.29999999999998] [74.51] [75.1] [74.57] [72.46000000000001] [74.08] [73.01] [74.95] [75.77] [76.57] [76.78] [76.86] [75.13] [73.08000000000001] [72.46000000000001] [73.12] [72.85] [74.75] [75.5] [75.31] [74.97] [76.0] [76.3] [77.07] [80.75] [80.75] [79.34] [80.6] [81.32] [80.83] [80.82] [80.4] [80.69] [80.75] [80.6] [79.68] [79.11000000000001] [79.89] [78.25] [76.3] [69.37] [65.85999999999999] [66.1] [66.4] [65.65] [65.83000000000001] [63.59] [63.34] [64.08] [62.05] [61.94] [62.17] [62.14] [61.56] [62.33] [65.33] [65.77] [66.04] [66.22] [66.24] [65.79] [65.45] [65.42] [67.29999999999998] [69.5] [69.1] [67.5] [68.38] [67.85] [67.51] [69.70999999999998] [69.77] [70.38] [69.84] [69.56] [70.33] [72.19] [73.45000000000002] [73.34] [74.49] [74.43] [74.25] [74.96] [74.58] [74.66999999999999] [74.04] [75.08] [74.79000000000002] [74.26] [73.74] [72.1] [70.37] [72.73000000000002] [75.0] [73.70000000000002] [71.67] [70.99] [70.30000000000001] [68.75] [68.56] [66.2] [62.31] [62.25] [64.26] [64.24] [64.38] [65.54] [65.2] [63.86] [62.24] [63.14] [64.25] [64.67] [65.11] [65.45] [66.6] [66.68] [65.83000000000001] [64.94] [64.5] [65.14] [64.45] [65.46] [66.24] [65.03] [64.29] [64.0] [63.05] [63.75] [63.88] [64.23] [65.1] [64.99] [65.87] [68.53999999999999] [65.89] [66.16] [66.31] [65.39] [63.99] [63.72] [62.67] [62.22] [62.43] [61.49] [61.65] [61.67] [58.46] [59.54] [61.51] [61.73] [60.99] [60.38] [59.47] [59.57] [61.02] [64.6] [65.67] [65.64] [65.94] [65.69] [67.34] [68.41] [65.26] [65.79] [65.89] [66.17] [65.06] [65.01] [63.25] [62.48] [62.79] [61.58] [61.54] [60.65] [60.6] [60.41] [59.9] [58.7] [59.16] [58.46] [58.28] [58.12] [58.03] [58.5] [60.1] [61.26] [60.64] [60.35] [61.0] [61.84] [61.51] [60.74] [62.1] [62.07] [62.39] [62.74] [62.26] [61.96] [62.06] [62.52] [62.24] [62.6] [63.3] [63.55] [62.59] [61.94] [60.63] [60.04] [60.39] [60.17] [61.25] [61.91] [61.99] [62.48] [63.47] [61.57] [60.83] [60.82] [61.49] [61.41] [62.53] [63.29] [63.41] [60.5] [61.46] [59.21] [58.0] [64.24] [62.5] [62.45] [62.55] [60.55] [61.84] [62.58] [63.52] [64.18] [64.24] [63.56] [63.0] [62.0] [62.67] [63.9] [64.51] [64.8] [66.96] [66.22] [64.98] [64.67] [65.0] [65.85999999999999] [66.62] [67.43] [67.24] [67.68] [68.1] [68.3] [66.81] [67.24] [68.0] [69.15] [68.0] [68.23] [68.8] [69.14] [69.51] [70.0] [69.88] [69.35] [67.42000000000002] [66.57] [68.34] [68.81] [68.71000000000001] [67.45] [66.69] [66.67] [66.59] [65.85] [64.57] [62.16] [60.74] [61.5] [61.7] [61.94] [64.84] [64.28] [62.36] [62.88] [62.55] [63.13] [61.45] [61.88] [62.07] [61.0] [64.0] [61.72] [64.12] [63.85] [63.8] [64.83] [65.97] [65.58] [66.01] [66.28] [67.96] [67.08] [67.22] [67.75] [66.75] [67.48] [68.77] [69.86] [69.19] [72.37] [74.5] [73.37] [73.88] [71.75] [69.49] [68.81] [64.94] [64.2] [63.04] [62.08] [60.62] [62.09] [62.32] [62.75] [61.5] [60.76] [58.79] [57.98] [60.09] [60.91] [60.54] [59.93] [60.3] [58.95] [60.3] [61.03] [60.59] [61.4] [63.0] [63.39] [64.81] [65.44] [64.85] [64.84] [64.79] [64.32] [65.72] [64.24] [63.01] [64.5] [64.82] [64.49] [64.17] [64.64] [64.6] [64.35] [64.66] [64.7] [65.44] [66.6] [66.94999999999999] [66.41] [66.92] [65.85999999999999] [63.75] [63.44] [62.86] [62.8] [62.74] [62.6] [61.98] [61.86] [61.24] [59.76] [57.9] [55.72] [55.38] [55.35] [55.44] [54.58] [56.16] [55.58] [55.73] [55.99] [56.0] [55.02] [55.08] [54.09] [53.93] [53.99] [55.17] [55.47] [56.3] [58.19] [58.64] [57.94] [57.99] [58.19] [58.01] [58.66] [58.92] [60.39] [60.82] [60.3] [61.87] [61.29] [61.16] [60.27] [60.99] [60.79] [59.1] [60.3] [61.41] [62.0] [62.15] [62.35] [61.37] [61.71] [60.84] 
 ---------