Company Name: Allstate Corp 
Ticker Symbol: ALL 
sentiment1: Lower Your Car Insurance Bill, at the Price of Some Privacy 
 Safety Spies 
 published on 2019-03-12 
---sentiment2: Allstate Case Shows Risk of Signing Away the Right to Sue 
 published on: 2018-10-19 
---sentiment3: Irma May Force Florida Insurers to Turn to Deeper Pockets 
 Insurers’ Stability Is a Concern As Hurricane’s Cost Is Tallied 
 published on 2018-03-02 
---sentiment4: Auto Insurance Is Costlier at Lower Incomes, Study Says 
 The Potential and the Peril of Giving a Brand a Human Face 
 published on 2017-06-02 
---sentiment5: Is Capital or Labor Winning at Your Favorite Company? Introducing the Marx Ratio 
 Even Good Drivers May Be Hampered by Stigma of High-Risk Insurance 
 published on 2017-08-06 
---
Current Value: 95.25 
Prediction: Decrease 
Perecent_correct: 0.6421052631578947 
Predicted Values: 
 [28.51182165][28.70026318][28.30403707][28.81100396][29.26927383][29.7462318][30.44250638][30.70696985][30.42596776][30.57946491][31.25570079][31.09623879][30.48955287][30.17153862][29.97936937][29.89334496][29.50733843][29.85197445][30.18080229][29.68215769][29.87434634][30.32096523][30.12340889][30.1837572][29.88366884][29.57716732][29.59051959][29.17562718][29.02066753][28.53059908][28.49550661][28.90450779][29.19770916][30.14856763][30.26701039][30.57598025][30.74683361][30.72781719][30.73572628][30.47085204][30.48699928][30.18383894][30.00778568][29.90894492][30.10089703][30.20281765][30.01454625][30.47410229][30.74236818][30.93701572][31.138122][31.12832398][30.94648334][31.080628][31.09645105][31.48392895][31.24964962][31.17625326][31.53681942][31.71877687][32.15895804][32.39510985][32.6886467][32.44627593][32.75242629][32.80996693][33.06683286][33.22803761][33.31742802][33.00467168][32.80662712][32.7844481][32.50352097][32.53237668][32.57338816][32.86699269][33.97435459][34.11834178][34.11184447][34.18197327][34.40217931][34.47552415][34.33211362][34.76907583][34.54917161][34.57756609][34.49956539][34.82646679][34.92560019][34.95101681][35.00203831][34.93181942][34.73404918][34.87755796][34.99214319][34.77847924][34.75322473][34.88721673][34.60471681][34.4756698][34.63847948][34.94452407][35.18721366][35.7294168][35.96584025][35.92122326][36.06456177][36.13475235][36.15049312][36.13783608][35.79341704][35.84132178][36.30077264][36.4411735][36.54649618][36.28813083][36.39958265][36.61953378][36.54616227][36.02005835][36.05497575][35.75515846][35.59864786][35.66116966][36.04206527][36.00049656][35.87331528][36.2051784][36.27518556][36.38023988][36.23980343][35.75524531][36.05666777][36.56554091][37.0183496][37.17798753][36.8366843][36.9381242][36.54629039][37.75842848][37.67908453][37.55254502][37.77162539][37.67603035][41.23476271][37.97567526][37.9212654][37.57372733][37.25421648][36.72137317][36.335778][36.45047332][36.55257597][36.31508815][36.67093237][36.80793675][37.38559649][37.05695696][37.2513968][36.69456257][36.46032882][36.47301541][37.14776762][37.70430021][37.50380862][37.64049555][37.54520903][37.50009678][37.66957888][37.77471574][37.47778782][37.67591327][37.97894389][37.84135558][37.44936503][36.92925809][36.9898006][37.40452261][37.44008704][38.17362325][38.55356565][38.5311622][38.30777226][38.00142096][37.90249094][37.77790235][37.42713772][37.04754357][37.14947571][37.15586784][37.22925285][37.42052361][37.88633611][37.86825955][37.39995651][37.30574493][37.15577452][37.5225998][37.98205417][38.05234833][37.91492022][39.61510296][39.64483178][40.26664431][40.36889394][40.99403709][41.31666917][41.33578215][41.12548823][41.11903947][40.88263115][40.95925429][41.07093728][41.11236899][41.18284763][41.39957655][41.47308835][41.1634766][40.88286419][40.91788086][40.72331693][40.56378046][40.37234731][40.5285588][40.57642524][40.90341375][41.46024017][41.65503203][41.47309833][41.56244152][41.84337673][42.29617841][42.83566132][42.84213383][42.88363108][42.78610556][42.76533965][43.38413926][43.3905697][43.37740812][42.83850999][42.80050872][42.7494732][43.03637246][43.1546922][43.3907434][43.80715036][44.06088954][44.09598738][44.21671937][43.79598885][43.93284487][43.81177818][43.98108596][44.44996965][44.7309089][45.39106091][45.39425134][45.15686736][44.60942171][44.38611617][44.23560309][43.34283839][43.31297093][43.21718306][42.11727924][41.67562043][42.23550454][41.96128676][41.88434343][41.8875991][41.77634041][41.5010847][41.82564698][41.51447771][41.88143867][42.64066798][42.99191488][43.15784673][43.57259806][43.52176619][43.54357109][43.51834193][43.79908537][43.66207399][43.61720049][43.60768378][44.15924476][44.23652688][44.42802988][44.46602871][44.37340558][44.33181202][44.14023971][43.62014302][43.73516444][44.3759664][44.24859851][44.01946591][43.65850625][43.35896757][43.43228139][43.33008652][43.04260949][43.06851943][44.07375981][44.45173827][45.00505979][44.90795264][44.72792674][45.11363006][45.50960083][45.81912976][45.86710977][45.74878705][45.841069][46.00548061][46.10960946][46.83668342][46.90378613][46.69313482][46.73163398][46.7027729][46.61836201][47.04075003][47.01218349][47.52583626][47.19709829][47.15914233][47.09545958][48.41226252][47.98243202][48.06205325][48.29827087][48.58875757][48.67151607][48.79594445][49.21384787][49.4879543][49.22699653][49.49813749][49.13957227][48.32372228][48.66825445][48.89478708][49.00034901][49.16946152][49.8711205][50.24767587][50.08847574][50.17447642][50.35009352][50.48728402][50.59264123][50.85103733][50.79018328][50.52496887][50.6493246][50.70579857][50.6178569][50.86387227][51.46658371][51.37734624][51.27537362][51.64233351][52.00576019][52.37458203][52.38554668][52.26113259][51.9293466][52.45888823][52.71713832][52.49736343][52.80681636][52.92804166][52.45516788][52.10192221][51.89438714][51.4346037][51.54023574][51.70105928][52.35046903][52.37299709][52.41113052][52.11091134][51.99325404][51.98051269][51.72755524][51.21756297][51.76623358][51.61662585][51.9168267][52.18478886][52.21348787][52.14644911][52.01568283][52.6535115][53.15164228][52.94882564][52.76229812][52.60578157][52.01227019][51.86763617][51.39633593][51.3806955][51.80452471][51.22082321][51.52094476][51.30666962][50.72592711][49.97592399][49.09227628][49.04807707][49.99566782][50.23809632][49.99070583][50.10403177][50.02922496][50.01138166][50.11683379][50.39488017][50.24722462][49.83774628][49.93823532][49.51880943][49.72761477][50.30825047][50.94987619][51.01663012][51.34194844][51.46935818][51.1520079][51.6550994][52.52882554][53.0973446][53.06545712][53.25030637][53.46099784][53.79312261][53.81482637][53.77045835][54.45445119][54.64825744][54.8300115][54.791682][54.36936955][53.77395003][53.91094819][54.04830081][53.86288919][53.67111779][54.77207379][54.70236792][54.19478333][53.61404161][53.02377268][53.17020798][53.24066935][53.05391231][53.1034848][53.13881887][52.3436308][52.07269887][51.83049266][51.77296816][51.64830675][51.89729383][51.96791673][51.69643889][50.87612382][50.46791076][50.71046601][50.83165572][51.48559014][51.13467635][51.15404394][51.28478568][51.61180707][52.20070498][52.51636471][53.07467227][52.94083023][53.17377896][53.70645785][54.19162716][54.98279495][55.1036745][54.66681422][54.54093444][54.36690955][54.14666845][53.81349146][53.34283888][53.33354065][53.73576725][53.4803703][54.41459874][54.29698197][53.77284255][53.47366232][54.38483865][54.83949448][55.17921706][55.11677079][55.90148845][56.23383574][56.47965505][56.43480205][56.58421467][55.93049766][55.89257326][56.0008552][55.75844937][55.95320049][55.74212625][55.50241638][55.80648196][55.91778787][55.59882982][55.96273605][55.95568906][56.20799024][56.60097825][56.23357359][56.15082801][56.75402522][57.00300443][56.97087716][56.6390634][56.40923898][56.6613128][57.01890785][57.11464588][56.98997825][57.00901543][56.95170809][56.61668667][56.15075683][56.02151291][55.9881071][56.68692713][56.63892529][56.41234953][56.0705422][55.4679276][55.48692728][55.56377729][55.04987312][55.16514701][55.49656749][56.09301843][56.37105646][56.32660643][56.403047][56.2498174][56.52094243][56.91047542][56.47250581][56.05502421][55.91454946][55.8638999][55.95618318][56.26895626][56.50169298][56.30842056][56.32327146][56.43823089][56.08994729][55.62439182][55.6080617][55.19344763][54.47547982][53.72821882][53.38893061][54.05737324][54.25822922][54.758226][54.08443795][53.36770636][52.76523119][52.40148543][54.40816751][55.23533382][54.95421359][55.0383555][55.1331074][55.0597283][55.38514563][55.30792532][54.53298812][55.91473448][56.21140722][56.36424166][56.24660003][56.3423812][56.45719737][56.86840608][56.46975451][57.22003113][57.39230922][57.67285576][57.99538235][58.13270151][58.18033465][57.88996284][57.86415297][57.58354466][57.9506672][57.98574995][57.88668236][57.85455479][58.4639928][58.71297498][58.64603252][58.48632586][58.05275121][58.27283263][58.81530254][59.0482281][58.52745787][58.91912282][59.18154336][58.54365371][58.25995317][58.51234018][58.37425366][57.73359168][57.96944383][57.92822195][58.43883162][58.30435195][57.96265673][58.33345822][58.56967153][58.7548779][58.81823051][59.07988064][59.39575916][59.27709329][59.54580724][59.67334187][59.40572037][59.18768979][59.89505488][60.26997405][60.42989813][60.62148043][60.72976694][60.59243296][60.06131149][60.0086411][60.31177312][60.41055562][60.7328667][60.67885306][60.69148381][60.77447805][60.53197836][60.57363853][60.61006347][60.91796248][60.80333105][60.82229621][61.19559777][61.616584][61.45736257][61.43810692][61.46995477][61.26561656][61.21497077][61.15426912][61.31048193][61.45876357][61.19578687][61.12879269][61.41872664][61.24005508][61.08397119][60.94044198][60.92461192][61.06759708][61.33921977][61.41228409][61.4188537][60.93084518][60.80954381][60.77122616][60.41071827][60.39806052][60.73923159][60.77604399][60.71683409][60.41637996][60.28004882][60.26398598][60.29428826][60.57661718][60.69158469][60.44243956][60.21636554][59.65700176][59.36893076][61.07881419][60.71030926][61.01051629][61.24644451][61.51457091][61.86531291][61.84203579][61.94552323][62.16882739][62.45272914][62.74958313][63.06852609][63.32089041][63.33682757][63.45170227][63.61451816][63.45157686][63.92220597][64.04827756][63.72296031][63.47058653][63.54431058][63.9526183][64.04500383][63.75447558][63.5299495][63.80569049][63.30143194][63.17721827][63.22509252][63.25692258][63.66825506][63.75784391][63.93654495][64.30350213][64.53004475][64.03882614][63.70671326][63.72583564][63.49296245][63.23175519][63.41949003][63.49609106][63.38401377][63.30139173][63.96817162][64.07027884][63.45104928][63.54714438][63.59773679][63.45394242][63.51159153][63.81975082][63.24045651][62.17163155][62.73670611][62.90910531][63.89304249][64.16908694][64.36410456][64.39583423][65.07887736][65.48388357][65.28930185][68.83120725][66.65490336][66.72518296][66.95508615][67.6030476][67.95059593][68.17565554][68.69270722][68.67007776][68.83120725][69.01949048][68.76109061][68.41325014][68.83119864][69.13136306][69.11518586][69.5906246][69.73747662][69.55872172][69.50469081][69.94933147][69.7693547][69.76940538][70.06607275][70.219144][70.52225796][70.90511803][70.59925739][70.75128751][70.90137415][70.03925437][69.64734286][69.48720758][69.88515403][71.36167035][71.73817716][72.10822009][72.5195685][72.59655662][72.71439569][72.86407884][72.78462053][72.5959662][72.2768838][71.18230994][70.90454137][71.46064731][72.57403015][72.59621272][71.97685855][72.27310566][71.18251382][71.29735511][72.25162574][72.64069484][72.1063754][73.26917536][73.55349037][73.28100287][73.12261762][73.19579771][72.66009558][72.11708353][72.28338781][73.4355304][74.07336072][73.19492474][73.39967062][72.09190643][72.14007012][72.63262737][73.19639267][73.21862645][73.231097][72.72075329][72.74640428][73.16757149][73.04664614][73.23121647][73.17369255][72.90916838][72.69825546][72.66341302][72.41129145][71.71554083][71.52436703][71.27156384][71.19226356][70.63050834][70.8858586][71.8304758][71.69633953][72.13050996][71.8531409][72.30265266][72.57998129][73.00658828][73.69384507][73.3429402][72.92461492][72.09068965][71.9519277][72.6150589][72.70158959][73.15430256][73.16127109][73.57847429][73.68076604][73.41312106][73.52189685][73.76120966][73.68735881][73.51837309][73.61726884][73.74188818][73.01099374][73.14521149][72.93751674][72.61135787][72.64237821][72.62197133][72.68207672][72.36963962][72.15581169][71.81881513][71.897592][71.76044574][71.7426264][70.30384814][69.46617328][69.89942374][69.06086259][68.80577177][68.80111915][69.37383848][69.60644925][69.82681253][70.44583413][70.55770808][70.20572461][69.75654402][69.30693028][69.48220079][69.57152294][69.47250932][69.382532][69.03853601][69.48545672][69.2425503][69.06020662][68.30071676][67.86092314][68.52144061][69.21752638][69.22068091][68.80863499][68.9970088][69.27479033][69.90945449][69.49040773][68.31049343][68.3432767][68.16115528][67.77102238][67.7142955][67.12362227][67.23703315][67.87305086][67.34716058][66.66146946][67.38883393][67.23218309][67.59326881][68.11980825][69.13635715][69.29060552][69.75994343][70.10427577][69.62274028][69.5666861][69.70858856][70.01497004][70.29904846][70.23194739][70.16167103][70.54175557][70.67565477][70.89583701][71.0391632][71.09062569][65.71810524][64.95706111][64.70638881][64.39910339][65.32421574][65.30529048][65.48065404][65.74538969][65.7139065][65.92755589][65.77441559][65.72948706][65.05331997][64.11438227][61.80674542][61.17413799][60.32035551][60.71950711][60.95296566][60.62772447][59.51067514][60.15247159][60.4453093][59.69236853][60.3629187][60.54358068][59.9380006][60.19673683][60.54179689][61.11173457][61.41586235][61.56505272][60.31734313][60.77888224][60.42368133][60.66261461][60.75824986][61.55843106][60.60459818][60.44247439][60.93680439][60.48389344][60.73216724][62.02819323][62.15258358][62.48738949][62.89902863][63.12554107][63.0142195][62.98855204][62.49392728][63.37235094][63.51222215][63.5504273][63.87844056][63.54623652][63.52486125][63.97329168][64.01949414][63.23043624][63.85618246][64.70343212][64.6314968][64.17562202][65.20006787][65.15532467][65.45040032][66.19377019][65.88922639][65.52239893][65.43622833][64.69578829][64.67030202][64.89048221][65.16238147][65.33710083][65.53045988][65.55698699][65.33422443][65.02459318][64.80110937][64.83328142][65.02135425][65.71942578][65.4135015][65.05627111][66.02911605][66.47317979][66.21151671][65.53092762][64.88875299][63.87226557][63.81150214][64.57731748][65.43000936][65.11977208][63.95854543][63.70643975][64.38294021][64.92896845][65.19348074][64.96715692][65.30529616][65.15523432][64.57282856][62.99528807][62.89296859][62.13673545][61.19436594][60.90201819][60.60498712][60.8542825][60.93589946][60.77340479][60.14486081][61.169437][60.26325204][60.59857719][61.05192132][60.42302186][60.56338358][60.89926194][61.40528033][62.47178975][62.66630083][62.34073678][62.25794567][63.69489151][65.05276563][65.2956516][65.08514541][65.43854507][64.39729296][65.77374555][66.57866836][66.9739888][66.72183911][66.1219364][66.50854684][66.12850494][65.83328089][66.2627305][66.5146695][65.97977881][66.48266761][67.15289683][67.35094706][67.37949176][67.02510734][66.77460847][66.7316757][66.61309918][67.34412903][67.14955973][67.44744219][68.10028636][68.88186489][69.33195202][68.86635799][68.90777567][68.75472546][68.29693911][68.61736933][68.96218123][69.48846639][69.53944773][69.78183922][69.85534108][69.02561963][68.84083104][68.43534772][68.92329446][68.92001803][69.00344301][69.51399334][68.98073211][68.67779912][68.92690157][69.52898205][69.30321933][67.7450898][67.69188775][67.64138198][67.82631511][67.71443254][67.13967916][67.00931828][67.4594205][67.22926213][67.18135064][70.22734686][69.25562422][69.19471971][69.70571859][69.52813839][69.48867329][69.46622023][69.37675429][69.3096341][69.14055473][68.91092345][69.19777066][68.94618315][69.35442261][69.45968813][69.32603084][69.56203646][69.60015262][69.1567527][69.26236509][69.25701629][69.58088347][69.53635525][69.45333132][69.60344388][69.36379095][69.26766887][68.74828047][68.4317166][68.1002699][68.37683088][68.85801222][68.77077831][69.00405551][69.63244551][68.1920461][67.95846942][69.24586068][70.16190327][71.26229956][71.58821593][71.23372118][71.20514976][71.17281454][71.45133724][71.67110765][71.833475][71.35837802][71.39319805][71.3297861][71.34241957][70.93107843][71.01721344][70.82891432][70.98845834][71.0188642][71.0615294][70.79363737][70.92439122][70.55410124][70.2928527][70.16173551][70.36297125][70.43538875][70.65339538][70.86405046][71.13516688][71.20557189][71.13505495][70.94380603][71.11290154][70.9081234][70.87686087][71.17025016][71.03297174][70.79069351][70.61451483][70.17158559][70.30546322][70.46480416][70.46166823][70.9182888][70.9277842][70.7106426][70.81907556][70.90538533][71.11285676][71.08741454][70.37673682][70.20950268][69.88732216][69.63508271][69.60007088][69.44533621][69.50755483][69.80761811][70.273477][70.75233809][70.47754281][70.24799647][70.61163945][70.88009199][70.71019943][70.92757056][70.59871202][69.93526386][69.96049383][69.70579035][70.30626487][70.56110021][70.15714871][70.62752864][70.71687501][71.31989098][71.20849121][71.46986788][71.21514443][70.5825448][69.63784147][69.76928941][69.59395714][69.70861039][69.79799246][69.70500005][69.77259066][69.50115706][69.15972732][70.17999424][69.43993835][69.14370065][69.20105571][69.94927617][71.06814942][71.34891444][72.18126874][72.77173188][72.65393976][73.09716403][73.68137425][73.87602827][74.07048511][74.17909692][74.1026623][73.75007699][72.57567615][71.94505277][71.9775849][72.34125757][72.44630461][72.55835089][73.2058859][73.48991253][73.91106407][74.38015221][74.53964688][74.58706829][74.93495132][75.60558542][75.96604072][76.1623482][76.0937423][76.08418729][76.17347789][76.14493319][76.13518345][75.98199216][75.97876024][75.82214441][76.13147463][75.79677177][75.68010682][75.29858277][75.3750133][75.63408751][75.28015003][75.63707966][75.3822931][76.01989549][76.11898873][76.18585565][76.03292601][76.02662424][76.76675082][77.21056072][77.0858993][77.11176988][76.88485803][77.11421368][78.86224182][79.22693139][79.3337605][79.83309727][79.50801629][79.68195215][80.29236551][80.75863951][81.12274457][81.78928356][82.04803195][81.77690097][81.9648988][81.80829297][81.92311078][81.97116521][82.54226103][83.16426532][83.89854737][83.78587992][83.14877946][82.79429389][82.76247382][82.91871653][82.77544417][83.23973107][83.27965416][83.4183708][83.69730324][84.02932497][84.15379138][83.97467586][83.51807149][82.86129111][82.82587875][82.53574513][82.2197115][82.86313222][83.05894375][82.8549683][82.84221239][82.80387668][82.89658289][83.05557075][82.7658711][82.59656412][82.62185071][82.48192298][82.18492222][82.20687092][82.58682028][82.03766805][81.53348907][81.383763][81.3361237][82.20756465][82.4018386][83.07417741][83.2602248][82.9505151][82.87725387][82.97959842][85.60820283][86.66436224][86.77333685][86.34874001][85.81575685][85.52243874][85.20025902][85.33384561][85.55764393][85.67238138][85.38484337][85.91118303][85.70743231][85.8801139][86.30738433][86.83735351][87.27282597][87.44977374][87.24868062][87.36072233][87.68266764][87.79476549][87.78484311][87.28037581][87.10380248][87.43371892][88.18207883][88.79621504][89.02300417][89.51412458][90.38825585][91.20163373][90.78707442][90.37256474][90.32487874][89.80413013][89.51079315][89.47585361][89.4407903][89.69929779][89.81685342][89.52378884][90.05546517][89.80810433][89.92564079][90.03607785][89.90351786][89.48187083][89.18249938][89.49480554][89.83614786][89.64839066][89.6064939][90.12407805][90.20014206][90.099937][90.50809015][91.2595377][90.8699748][90.55299911][91.18304562][91.80834201][94.98975088][94.60970841][94.6805968][94.98975088][95.06946518][94.90057491][95.21644154][95.07242604][94.89000956][95.38229653][95.36634105][95.46452176][94.80401534][93.8936622][93.66261751][94.31969887][94.22672834][93.55881186][92.85504485][91.54346235][91.51769993][91.55571309][91.35234075][91.37344681][89.15499783][88.52582621][87.95675951][89.68066435][92.88411693][92.50557736][92.09236136][91.59478381][91.7824156][91.79219747][92.05315844][92.07665724][92.30467344][91.48932733][91.71254114][91.91810787][92.27722734][92.0350699][92.55836643][93.03025708][93.02756463][93.42937717][93.97133623][94.23004658][94.08679115][94.16002619][93.97190348][93.88195665][93.49285684][93.34629151][92.99465057][92.27131343][92.99179214][94.09933075][93.78708175][94.37376701][94.37542265][94.65136023][94.5463526][94.66057321][94.87741139][95.00883715][97.90818545][98.37856948][99.30778462][100.1291231][99.85538866][99.53644814][99.61019567][99.93812448][100.12033976][100.7895575][100.72621385][100.36576929][100.97205415][100.73580769][100.04404086][100.05662551][100.02130861][100.86682853][102.01210347][103.20202185][103.45232084][104.18888213][103.9299126][103.38713031][102.72422918][102.71496304][102.84395395][103.58519532][103.92329307][103.54986609][104.14030815][104.9540952][104.87824319][104.9034977][105.09150418][104.71852627][104.66414011][104.90372696][105.18494943][105.3022604][103.82939471][102.59602887][102.32392502][102.08621677][102.09900104][101.53649107][101.26881565][101.35702137][102.17819228][102.73355598][103.80882749][104.36276269][104.47913607][104.48576443][103.64705751][101.37989797][101.15751756][101.46305402][100.11855209][99.03772801][99.4053037][99.40532771][99.39718642][97.59612623][96.39833127][97.70148469][94.98050578][91.95821129][92.51960298][92.37248004][94.72179999][95.58936282][95.65237634][95.04304168][94.71341707][94.40387343][94.72456883][96.16341648][95.85591217][94.57614167][93.52155827][92.32216985][93.27823368][94.18268668][93.99998881][94.87487804][96.3743448][96.24959605][96.82035265][97.59858665][97.5704975][98.0947892][97.94075247][97.95705317][97.89272067][96.63718484][94.76405212][95.01455654][95.10652943][95.36148045][95.94600546][96.19279451][95.40041306][96.58099057][97.91521931][97.1295878][97.20889993][97.78772569][97.08257476][97.56094898][97.8320247][98.09725415][98.8046501][98.48541016][98.95175352][99.17841236][99.3039326][98.92248651][98.21225538][98.25087783][98.57282341][99.07947831][98.56363173][97.232852][94.73072522][95.0684418][95.73593108][96.38724747][96.76373618][97.03830655][97.40669711][96.88738509][96.53378284][96.59105056][103.10441346][95.83211228][96.26269044][96.64939621][96.31719176][96.26629164][96.15919141][95.33712795][95.34962762][94.74698607][94.89711022][95.00597286][94.8044566][94.56758329][93.99763945][94.424429][94.48871295][94.82281838][94.66886483][94.13096714][94.1214199][93.83171653][93.93303717][93.93872537][93.17037716][93.44821478][92.9945921][93.05410279][92.4354624][91.96414268][92.5287288][92.34763906][92.92480872][93.0656808][93.00790761][94.10260284][94.5298245][93.8505908][94.08344783][93.73906291][94.204658][94.93208074][96.00722279][95.39028957][94.13444342][94.0455434][93.89456957][94.23352907][95.56306417][95.90109313][95.58230878][95.71428208][95.80600867][97.65008687][98.45196818][99.04476829][99.52477237][99.60042973][99.85245341][99.3994845][99.15955402][98.94929947][99.2840444][100.26094567][100.43173506][100.99762747][101.57818062][101.17193051][99.90680451][100.06946582][100.81331849][101.09005858][101.17338566][100.62823595][100.80973833][101.32678598][101.8303033][101.91934982][101.23631481][99.30576197][98.44730025][98.51214416][99.36118948][100.18113421][100.80367637][101.39983787][101.93251273][102.63122975][102.49135732][101.68948226][100.80282594][100.16120186][99.19155805][99.08016068][99.55529356][99.34544791][99.72740927][99.96362397][100.20310017][100.57644678][100.7907694][99.30103793][96.17382372][94.91222472][94.03473335][95.31786927][96.43759707][97.14598587][97.99752518][98.026652][96.61314836][95.18137972][93.66968276][93.36810289][94.67201071][95.809209][96.94146535][91.78260942][91.19462663][91.20467708][91.65673215][93.03045155][93.96188369][94.7464056][93.72759477][92.66225606][91.23515722][89.77553816][90.3563128][90.16435643][89.2397919][89.53895673][88.94196659][89.54275373][88.97123688][89.66070579][89.57245657][89.96236915][90.40684587][89.05106642][86.68965192][86.06276381][84.53292511][84.98486211][84.5354601][83.05114853][81.14697898][81.52898236][83.06747484][83.08897983][81.80731685][81.8439662][80.18849219][81.104786][82.4330075][83.63907641][83.78345855][82.97594059][82.27674485][83.53408653][83.86877][84.29663307][84.50724793][84.61643938][84.65428931][84.7835939][85.4427935][85.87631041][85.76172106][86.61666653][86.98011722][87.19578394][87.28679515][87.60569306][87.37327054][87.83870489][88.3300767][88.59491561][89.62922291][89.8096472][89.98670954][92.85603285][93.44776864][93.10403537][93.50622908][93.92679722][94.76188445][94.33202594][95.0631626][95.26056357][95.74267736][95.73293681][95.46203563][95.79677652][95.36862597][94.6094108][95.08543495][95.7266976][95.65573536][95.02489865][94.7115087][94.19808383][93.86011691][94.677131][95.10103926][94.80751753][94.6285924][95.27618754][95.96906109][95.65243842][94.58054635][141.83414975][95.18702941][95.10090736][94.99261464][94.97997039][96.61284256][95.07610734][95.74225172][95.88305314][96.25323577][98.04923426][97.2450168][96.26494221][95.26705254][97.05083672][96.31716505][98.89811454][98.9552733][99.77842186][98.64585027][98.03231126][97.4242928][97.81333731][97.58163882][101.65781262][97.76559655][98.4227025][101.80395658][109.28334193][101.08221052][103.80206287][98.36210522][97.510303]
 Actual Values: 
 [25.0] [24.78] [24.24] [25.4001] [25.4] [26.7] [26.92] [26.85] [26.95] [27.37] [27.69] [27.07] [26.39] [26.48] [26.37] [25.63] [25.85] [26.56] [25.76] [26.14] [26.59] [26.45] [26.29] [26.24] [25.95] [25.83] [25.54] [25.29] [24.89] [24.58] [25.08] [25.32] [25.98] [26.7] [27.0] [27.07] [26.96] [26.77] [26.96] [26.68] [26.68] [26.4] [25.92] [26.49] [26.53] [26.48] [26.54] [27.05] [27.19] [27.44] [27.45] [27.43] [27.34] [27.5] [27.88] [27.69] [27.31] [27.8] [28.11] [28.39] [28.53] [29.15] [28.77] [29.3] [28.99] [29.55] [29.55] [29.81] [29.59] [29.25] [29.31] [28.68] [28.87] [28.96] [29.11] [30.54] [30.59] [30.59] [30.47] [30.8] [31.05] [30.74] [31.42] [31.06] [31.25] [30.9] [31.26] [31.39] [31.5] [31.46] [31.56] [31.13] [31.33] [31.47] [31.22] [31.34] [31.27] [31.22] [31.05] [31.14] [31.21] [31.65] [31.91] [32.66] [32.48] [32.58] [32.63] [32.54] [32.85] [32.4] [32.33] [32.69] [33.08] [33.05] [32.93] [33.05] [32.93] [33.31] [32.63] [32.47] [32.27] [32.33] [32.3] [32.23] [32.76] [32.49] [32.77] [32.72] [33.04] [32.89] [32.23] [32.45] [33.01] [33.16] [34.0] [33.54] [33.38] [33.36] [34.38] [34.44] [34.21] [34.08] [34.37] [34.62] [34.3] [34.6] [34.43] [34.1599] [33.5] [33.11] [32.76] [33.41] [32.69] [33.13] [33.18] [33.75] [33.68] [33.72] [33.46] [33.14] [32.98] [33.345] [34.5] [34.02] [34.56] [33.97] [34.1] [34.17] [34.67] [34.11] [34.15] [34.52] [34.82] [34.07] [33.64] [33.48] [33.75] [34.12] [34.5] [35.32] [35.12] [35.09] [34.51] [34.7] [34.57] [34.06] [33.77] [33.66] [33.96] [33.68] [33.77] [34.24] [34.603] [33.9] [34.15] [33.88] [34.08] [34.43] [34.6] [34.72] [35.86] [36.26] [36.88] [37.18] [37.22] [37.97] [38.22] [37.97] [37.97] [37.8] [37.55] [37.98] [37.91] [37.9] [38.12] [38.24] [38.12] [37.62] [37.8] [37.56] [37.4] [37.15] [37.32] [37.29] [37.54] [38.03] [38.52] [38.35] [38.26] [38.59] [38.76] [39.59] [39.73] [39.75] [39.84] [39.36] [40.0] [40.26] [40.39] [39.9] [39.59] [39.67] [39.79] [40.03] [40.18] [40.61] [41.03] [40.84] [41.25] [40.88] [40.73] [40.79] [40.67] [41.3] [41.48] [41.93] [42.65] [41.98] [41.77000000000001] [41.43] [41.6] [40.32] [39.9] [40.74] [39.27] [38.26] [38.81] [38.96] [38.6] [38.58] [38.74] [38.25] [38.26] [38.36] [38.45] [39.19] [39.64] [40.16] [40.16] [40.49] [40.32] [40.16] [40.76] [40.73] [40.52] [40.42] [40.61] [41.25] [41.37] [41.41] [41.52] [41.29] [41.16] [40.77] [40.39] [40.92] [41.39] [40.8] [40.74] [40.23] [40.43] [40.32] [39.84] [39.72] [40.9] [41.2] [41.59] [42.01] [41.62] [41.84] [42.49] [42.74] [42.94] [42.57] [42.81] [42.86] [43.16] [43.44] [44.07] [43.87] [43.66] [43.97] [43.51] [43.82] [44.19] [44.22] [44.5] [44.13] [44.05] [45.67] [45.05] [45.03] [45.19] [45.59] [45.68] [45.99] [45.85] [46.71] [46.38] [46.64] [46.87] [45.269999999999996] [45.44] [45.98] [45.96] [46.12] [46.77] [47.5] [47.35] [47.32] [47.39] [47.74] [47.75] [47.99] [48.0] [47.36] [48.01] [47.95] [47.81] [48.03] [48.92] [48.57] [48.38] [48.75] [49.17] [49.52] [49.95] [49.53] [49.03] [49.24] [50.2] [49.86] [49.89] [50.07] [50.17] [49.34] [49.31] [48.86] [48.64] [48.96] [49.39] [49.65] [49.86] [49.56] [49.3] [49.27] [49.28] [48.56] [49.23] [48.57] [49.13] [49.26] [49.62] [49.5] [49.22] [49.38] [50.33] [50.36] [50.19] [49.99] [49.48] [48.99] [48.41] [48.56] [49.15] [48.25] [48.69] [48.66] [48.24] [47.39] [46.45] [45.84] [46.81] [47.51] [46.96] [47.51] [46.97] [47.42] [47.09] [47.64] [47.61] [46.739999999999995] [46.95] [46.68] [46.87] [47.11] [48.06] [48.3] [48.3] [48.68] [48.3] [48.71] [49.32] [50.31] [50.54] [50.76] [50.43] [51.21] [51.19] [51.2] [51.31] [52.09] [52.08] [52.36] [52.14] [51.13] [50.99] [51.56999999999999] [51.5] [50.83] [51.93] [52.09] [51.83] [51.2] [50.5] [50.41] [50.38] [50.38] [50.29] [50.71] [49.67] [49.16] [49.28] [48.99] [48.86] [48.81] [49.31] [49.18] [48.28] [47.54] [47.74] [48.16] [48.92] [48.42] [48.29] [48.64] [48.45] [49.57] [49.39] [50.6] [50.45] [50.46] [50.78] [51.22] [52.0] [52.82] [51.78] [52.05] [51.76] [51.53] [51.23] [50.77] [50.67] [51.13] [50.84] [50.92] [51.86] [51.45] [50.61] [51.55] [51.93] [52.3] [52.53] [52.760000000000005] [53.39] [54.1] [53.97] [54.1] [53.62] [53.16] [53.54] [53.26] [53.52] [53.28] [52.43] [53.31] [53.5] [53.06] [53.22] [53.68] [52.98] [54.07] [53.93] [53.17999999999999] [54.0] [54.34] [54.7] [54.21] [54.07] [53.88] [54.34] [54.75] [54.43] [54.55] [54.61] [54.28] [53.66] [53.29] [53.459999999999994] [53.98] [54.05] [53.91] [53.78] [52.96] [52.91] [53.19] [52.7] [52.5] [52.45] [53.08] [54.0] [53.69] [54.03] [53.79] [53.68] [54.32] [54.09] [53.65] [53.54] [53.35] [53.24] [53.62] [53.75] [53.94] [53.59] [54.01] [53.82] [53.24] [53.28] [52.75] [52.01] [51.22] [50.615] [50.86] [51.27] [52.05] [51.56] [51.2] [50.19] [49.78] [50.87] [52.63] [52.62] [51.77] [52.61] [52.25] [52.66] [53.09] [52.0] [53.22] [53.4] [53.59] [53.77] [53.78] [53.57] [54.27] [53.71] [54.68] [54.8] [55.2] [55.42] [55.68] [55.9] [55.38] [55.63] [55.06] [55.52] [55.65] [55.54] [55.07] [55.86] [56.33] [56.42] [56.33] [55.6] [55.87] [56.2] [56.83] [55.73] [56.48] [56.89] [56.35] [55.68] [56.12] [56.11] [55.25] [55.76] [55.37] [56.06] [55.79] [54.93] [55.75] [56.13] [56.37] [56.63] [56.37] [57.02] [56.85] [56.93] [57.3] [56.96] [56.91] [57.03] [57.69] [58.06] [58.3] [58.39] [58.38] [57.87] [57.53] [57.68] [57.98] [58.33] [58.4] [58.33] [58.44] [58.22] [58.26] [58.26] [58.47] [58.43] [58.34] [58.60000000000001] [59.209999999999994] [59.19] [59.06999999999999] [59.23] [59.14] [58.87] [58.93000000000001] [58.75] [59.1] [59.03] [58.9] [58.89] [58.82] [58.84] [58.73] [58.59] [58.59] [58.93000000000001] [59.08] [59.22] [58.72] [58.48] [58.38] [58.07] [57.94] [58.5] [58.46] [58.56] [58.03] [57.86] [57.83] [57.8] [58.13] [58.25] [58.25] [57.92] [57.23] [57.1] [58.19] [58.5] [58.35] [58.92] [58.72] [59.71] [59.55] [59.81] [59.6] [60.25] [60.190000000000005] [60.95] [60.97] [61.22] [61.12] [61.4] [61.27] [61.52] [61.88] [61.6] [61.33] [61.26] [61.730000000000004] [62.09] [61.67] [61.39] [61.84] [61.29] [61.06] [60.79999999999999] [61.08] [61.15] [61.35] [61.730000000000004] [61.9] [62.55] [61.94] [61.68] [61.28] [61.47] [61.09] [61.029999999999994] [61.12] [61.33] [60.92] [61.69] [62.05] [61.39] [60.92] [61.55] [60.95] [61.3] [61.46] [61.3] [59.76] [60.27] [60.46] [61.1] [62.0] [62.4] [61.72] [62.709999999999994] [63.4] [63.28] [66.44] [64.15] [64.5] [64.9] [65.48] [65.69] [66.11] [66.75] [66.71] [66.44] [67.17] [67.01] [66.11] [66.88] [66.99] [66.94] [67.89] [67.65] [67.60999999999999] [67.66] [67.69999999999999] [68.07] [67.51000000000002] [68.19] [68.12] [68.46] [68.77] [68.66] [68.79] [68.59] [68.27] [67.71] [67.25] [67.3] [69.17] [69.9] [70.05] [70.49] [70.93] [70.81] [70.93] [70.97] [71.16] [70.59] [69.68] [69.03] [69.4] [70.25] [71.08] [70.36000000000001] [70.3] [68.96] [69.44] [69.82] [71.16] [70.09] [70.67] [72.08] [71.27] [71.04] [71.65] [70.52] [70.49] [69.74] [71.16] [71.8] [69.68] [72.0] [70.32] [70.54999999999998] [70.14] [71.24] [71.37] [71.48] [71.07] [70.65] [71.09] [71.37] [71.07] [71.54] [70.87] [71.07] [70.67] [70.65] [70.13] [69.79] [69.36] [68.88] [68.93] [68.73] [69.4] [70.02] [70.02] [70.1] [70.18] [70.7] [70.81] [71.84] [71.73] [71.55] [70.3] [70.18] [70.36000000000001] [70.48] [71.18] [71.28999999999999] [71.07] [72.15] [71.6] [71.61] [72.0] [71.67] [71.91] [71.61] [71.86] [71.48] [71.32] [71.33] [70.77] [70.68] [70.63] [71.28] [70.24] [70.25] [70.14] [70.13] [70.0] [69.62] [68.88] [67.23000000000002] [68.4] [67.27] [66.73] [66.69] [67.21] [67.63] [67.65] [68.28] [68.65] [68.42] [68.03] [67.41] [67.43] [67.4] [67.69] [67.65] [66.92] [67.34] [67.38] [67.41] [66.55] [65.82] [65.92] [67.04999999999998] [67.18] [66.86000000000001] [66.57] [67.46] [67.38] [68.15] [66.01] [66.41] [66.36] [66.19] [65.42] [65.25] [65.35] [65.8] [65.48] [64.3] [64.79] [65.25] [65.76] [66.05] [67.18] [66.95000000000002] [67.6] [68.34] [67.84] [67.47] [67.76] [67.69999999999999] [68.4] [68.25] [67.96] [68.79] [68.5] [68.85] [69.31] [69.12] [64.06] [62.9] [62.86] [61.8] [63.13] [62.76] [62.93] [63.62] [63.32] [63.75] [63.74] [63.410000000000004] [63.14] [62.31] [60.11] [59.92] [58.16] [57.64] [58.55] [58.33] [57.01] [57.75] [58.01] [57.45] [57.84] [58.66] [57.24] [57.41] [58.29] [58.39] [59.04] [59.25] [58.04] [58.15] [58.16] [58.04] [58.12] [59.11999999999999] [58.53] [57.73] [58.87] [58.25] [57.14] [59.46] [59.74] [60.2] [59.88] [61.169999999999995] [60.54] [60.73] [60.5] [60.43] [61.44] [61.029999999999994] [61.64] [61.64] [61.0] [61.92] [61.83] [61.39] [60.60999999999999] [62.16] [62.84] [62.10000000000001] [62.92] [63.1] [62.96] [63.99] [64.03] [63.49] [63.52] [62.42999999999999] [62.54] [62.23] [63.13] [62.75] [63.49] [63.3] [63.35] [62.79] [62.82] [62.54] [62.97] [63.34] [63.550000000000004] [62.95] [62.97] [64.35] [64.37] [63.50000000000001] [62.91] [61.69] [61.58] [61.79] [63.28] [63.410000000000004] [62.11] [61.56] [61.71] [62.68] [62.83] [63.01] [63.09] [63.15] [62.62] [60.88] [60.71] [59.79] [58.790000000000006] [58.8] [58.39] [58.43] [58.82] [57.97] [56.91] [59.02000000000001] [57.5] [58.21] [58.91] [58.31] [58.05] [58.18] [58.83] [59.68] [60.14000000000001] [60.01] [60.29] [60.475] [62.09] [62.87] [62.81] [63.27] [61.95] [63.02] [64.47] [64.69] [64.91] [63.89] [64.5] [64.31] [63.35] [63.92000000000001] [64.53] [64.12] [63.84] [64.73] [65.4] [65.3] [64.81] [64.75999999999999] [64.79] [64.59] [64.93] [65.19] [64.51] [65.72] [66.33] [67.4] [66.93] [66.9] [66.91] [66.47] [66.34] [66.82] [67.26] [67.75] [67.23999999999998] [68.15] [67.32] [66.65] [66.49000000000001] [66.82] [66.83] [66.75] [67.54] [67.15] [66.64] [66.49000000000001] [67.57] [67.69] [65.4] [65.44] [65.74] [65.79] [65.86] [65.02] [64.83] [65.58] [64.8] [64.82] [68.09] [67.5] [67.1] [67.58] [67.68] [67.57] [67.65] [67.19] [67.51000000000002] [66.84] [66.98] [67.11] [67.09] [67.27] [67.68] [67.28] [67.56] [67.75] [66.9] [67.29] [67.02] [67.53] [67.72] [67.21] [67.49] [67.17] [67.44] [66.83] [66.75] [65.49] [66.44] [67.04999999999998] [66.83] [66.9] [67.60999999999999] [65.58] [65.74] [66.65] [67.99] [68.54] [69.95] [69.29] [69.12] [69.45] [69.68] [69.66] [70.25] [69.71000000000001] [69.62] [69.46] [69.59] [69.06] [69.27] [69.07] [69.07] [69.16] [69.27] [68.94] [68.84] [68.91] [68.44] [68.33] [68.28] [67.99] [68.72] [68.84] [69.17] [69.37] [69.42] [69.06] [69.13] [68.91] [68.95] [69.16] [69.13] [69.04] [68.91] [68.31] [68.22] [68.73] [68.27] [68.96] [69.19] [68.97] [68.85] [68.7] [69.05] [69.29] [68.81] [67.96] [67.93] [67.9] [67.36] [67.56] [67.58] [67.84] [67.97] [68.84] [68.56] [68.25] [68.33] [69.0] [68.78] [68.83] [68.9] [68.17] [68.12] [67.86] [67.97] [68.79] [68.31] [68.28] [68.41] [69.47] [69.34] [69.86] [69.38] [68.96] [67.818] [67.91] [67.72] [67.49] [68.12] [67.76] [67.76] [67.85] [66.92] [67.97] [68.0] [67.41] [66.66] [67.65] [68.92] [69.32] [69.76] [70.45999999999998] [71.0] [70.62] [71.8] [72.06] [72.19] [72.46] [72.38] [71.98] [71.28999999999999] [70.08000000000001] [69.95] [70.43] [70.84] [70.58] [71.13] [71.77] [71.77] [72.44] [72.65] [72.92] [72.66] [73.78] [74.24] [74.59] [74.48] [74.41999999999999] [74.48] [74.58] [74.66] [74.38] [74.54] [74.0] [74.38] [74.18] [73.68] [73.95000000000002] [73.28] [73.94] [73.56] [73.91] [73.61] [74.0] [74.66] [74.37] [74.59] [74.24] [74.77] [75.42] [75.29] [75.49] [75.27] [75.57] [76.74] [77.92] [77.43] [78.5] [78.1] [78.09] [78.55] [78.95] [79.72] [80.0] [80.62] [80.47] [80.56] [80.13] [80.4] [80.18] [80.94] [81.29] [82.52] [82.89] [81.83] [81.49] [81.32] [81.87] [81.32] [81.82] [81.87] [82.05] [82.04] [82.56] [82.9] [82.85] [82.46] [81.59] [81.5] [81.27] [80.37] [80.81] [81.94] [81.3] [81.45] [81.54] [81.47] [81.81] [81.45] [81.36] [81.01] [81.14] [80.57999999999998] [80.9] [80.8] [80.79] [80.29] [79.6] [80.09] [80.85999999999999] [80.75] [81.15] [81.83] [81.84] [81.49] [81.45] [83.47] [85.11] [85.73] [85.46] [84.9] [84.21] [83.97] [83.81] [84.06] [84.49] [83.63] [84.33] [84.78] [84.58] [84.69] [85.55] [85.95] [86.04] [86.12] [86.15] [86.02] [86.79] [86.67] [86.3] [86.09] [85.87] [86.67] [87.37] [87.94] [87.93] [88.7] [90.37] [90.03] [89.41] [89.41] [89.01] [88.72] [88.32] [88.55] [88.68] [89.23] [88.44] [88.85] [88.81] [88.93] [88.8] [88.83] [88.72] [88.01] [88.06] [88.27] [88.74] [87.99] [89.05] [89.01] [89.0] [89.08] [90.27] [90.2] [89.37] [89.8] [90.58] [94.09] [93.14] [93.9] [94.09] [94.22] [93.98] [94.11] [94.21] [94.09] [94.78000000000002] [94.79] [94.66] [94.39] [93.11] [92.96] [93.11] [93.38] [93.29] [91.81] [90.37] [90.0] [90.83] [90.27] [90.57] [89.0] [86.73] [87.06] [86.15] [91.44] [91.16] [91.31] [90.79] [90.47] [91.06] [90.55] [90.88] [91.4] [90.44] [90.28] [90.9] [91.69] [90.84] [91.3] [91.65] [92.21] [92.12] [92.73] [93.32] [93.26] [93.2] [93.12] [93.27] [92.71] [92.34] [92.46] [91.48] [91.07] [93.45] [92.96] [93.3] [93.73] [93.55] [93.72] [93.27] [93.94] [94.07] [95.89] [97.62] [97.81000000000002] [99.42] [99.23] [98.74] [98.88] [98.9] [98.89] [99.48] [100.51] [99.05] [100.26] [100.39] [99.6] [99.8] [99.23] [99.39] [100.62] [102.37] [103.1] [103.91] [103.99] [102.82] [102.33] [102.0] [102.33] [102.33999999999999] [103.3] [103.19] [103.05] [104.73] [104.65] [104.53000000000002] [105.08] [104.52] [104.06] [104.43] [104.91000000000001] [105.05] [104.07000000000001] [101.92] [102.26] [101.24] [101.84] [100.65] [100.81] [100.82] [100.9] [102.20999999999998] [102.51] [103.85] [104.42] [103.7] [104.22] [101.43] [100.39] [100.94000000000001] [100.25] [97.74] [98.5] [98.56999999999998] [98.62] [97.27] [93.65] [96.14] [96.03] [91.0] [91.6] [90.23] [91.81] [94.97] [94.12] [94.42] [93.49] [93.41] [93.15] [94.69] [95.46] [94.49] [92.33] [91.08] [91.18] [93.29] [92.53] [93.7] [95.0] [95.94999999999999] [95.43999999999998] [96.83] [96.6] [97.04] [97.53] [97.02] [97.27] [96.25] [94.76] [93.45] [94.71] [93.71] [95.1] [95.94] [93.51] [94.52] [97.06] [96.39] [96.49] [96.85] [96.34] [96.66] [97.66] [97.08] [97.96000000000001] [97.88] [98.18] [98.36] [98.81] [98.54] [97.45] [97.65] [97.45] [98.70000000000002] [97.6] [97.8] [93.43] [93.4] [94.57] [95.47] [95.48999999999998] [96.55] [96.22] [96.5] [95.51] [95.84] [95.46] [95.17] [95.25] [95.6] [95.52] [95.56] [95.3] [94.65] [94.4] [94.28] [94.25] [94.22] [94.17] [94.08] [93.15] [93.39] [93.62] [94.07] [93.61] [93.59] [92.4] [93.02] [92.3] [93.5] [92.01] [92.74] [92.19] [91.85] [92.1] [90.26] [91.54] [91.04] [91.9] [92.4] [91.85] [92.76] [93.84] [93.12] [93.53] [92.94] [93.13] [93.8] [94.4] [95.20999999999998] [93.01] [93.29] [92.42] [92.93] [94.26] [95.07] [94.55000000000001] [94.78000000000002] [95.15] [95.84] [97.53] [98.13] [98.65000000000002] [98.66] [98.89] [98.92] [98.63] [98.06] [98.14000000000001] [99.25999999999999] [99.63999999999999] [100.2] [100.26] [101.11] [99.45] [99.34] [100.17] [100.43] [100.56] [100.2] [99.8] [100.59] [100.9] [101.31] [100.92] [99.05] [97.05] [98.0] [98.34] [99.05] [100.22] [100.36] [100.83] [101.99] [102.17] [101.57] [100.43] [99.96] [98.76] [98.0] [99.12999999999998] [98.64] [99.09] [98.96] [99.39] [99.66] [99.97] [99.45] [96.6] [94.7] [93.14] [93.5] [95.2] [95.81] [96.71] [97.65] [95.25] [95.57] [92.54] [92.29] [93.28] [94.18] [96.24] [91.0] [90.37] [89.64] [90.18] [91.58] [92.17] [93.72] [93.49] [91.48] [91.07] [87.86] [88.95] [89.5] [88.2] [88.53] [87.43] [88.42] [88.03] [87.77] [88.4] [88.48] [89.68] [88.76] [85.63] [84.98] [82.98] [84.37] [83.70000000000002] [82.18] [79.74000000000001] [79.17] [81.32] [81.59] [80.56] [79.81] [79.35] [77.55] [79.8] [82.23] [82.24] [81.44] [81.22999999999999] [81.38] [82.12] [83.24000000000001] [82.99] [83.13] [83.11] [83.03] [84.16] [84.57] [84.41] [84.93] [85.42] [86.01] [85.83] [86.58] [85.9] [86.41] [86.86] [86.84] [88.3] [88.8] [89.0] [90.89] [92.42] [91.91] [92.81] [93.02] [93.2] [93.56] [94.08] [94.04] [94.76] [95.15999999999998] [94.77] [95.0] [94.7] [93.36] [94.1] [94.77] [95.19] [94.45] [93.96] [93.28] [92.57] [93.55] [94.33] [94.29] [93.42] [93.66] [95.24] [95.12] [94.17] [93.0] [94.33] [94.36] [94.08] [94.05] [94.42] [94.43] [94.52] [95.36] [95.25] [95.43] [96.44] [95.66999999999999] [94.41] [94.58] [95.25] [96.31] [97.02] [96.75] [98.33] [97.34] [96.24] [96.75] [97.08] [96.04] [96.55999999999999] [97.54] [97.9] [99.05] [98.98000000000002] [98.68] [97.51] [97.25] [95.25] 
 ---------