Company Name: Allegion 
Ticker Symbol: ALLE 
sentiment1: Ex-Member of Alleged New York Sex Cult Felt 'Shame' After Forced Encounter 
 published on: 2019-05-02 
---sentiment2: U.S. Said to Have Tapes of Alleged 9/11 Mastermind Plotting With Co-Conspirators 
 U.S. Said to Have Recordings of Alleged Sept. 11 Mastermind Talking About Plot 
 published on 2019-05-03 
---sentiment3: German Prosecutors Aim to Fine UBS Over Alleged Help in Client Tax Evasion 
 published on: 2019-05-06 
---sentiment4: New York Prosecutors Allege Sex Cult Leader Was 'Predator' 
 published on: 2019-04-30 
---sentiment5: Probe Clears Acting Defense Head of Alleged Bias in Pentagon 
 published on: 2019-04-30 
---
Current Value: 99.0 
Prediction: Decrease 
Perecent_correct: 0.7272727272727273 
Predicted Values: 
 [121.14690848][121.43493127][121.45513055][121.77893698][121.56453256][122.4264682][122.92152003][123.76092539][124.07481199][123.83995842][123.64594922][123.38235027][123.83436119][124.49835229][124.29809183][123.94325972][124.21327763][124.41239776][124.32227823][124.40176834][124.39861519][124.2633108][123.83645193][123.23204914][123.27646393][123.24440901][122.51874146][122.41576594][122.78040448][123.15602744][122.94468933][123.45493251][123.83096251][123.62571748][123.50599266][124.33769841][124.08634505][124.62400173][124.64456097][124.34839161][124.28614768][124.97695396][125.58153989][125.2159017][124.64476762][124.78935816][124.61009195][124.65996296][124.97871235][124.58655963][124.381018][124.25136913][123.96964866][124.43367335][124.56905152][125.12610019][124.99779442][125.02961023][125.36159888][124.92657243][124.58948095][124.48031587][124.01391925][124.29221008][124.62719313][124.29797918][123.77300652][123.59951097][123.89637653][124.29813799][124.43047479][124.8682136][124.90913243][125.04109805][124.82943648][124.56000211][123.8421813][123.43146107][123.46148543][123.199871][122.70326111][122.6866641][122.12766215][122.38637947][123.10605025][123.77017833][124.17225747][124.15688957][124.08737365][124.24506028][124.37804064][124.16309628][123.91929209][124.19238707][124.2983001][124.08993922][124.87308691][125.93389309][126.80580946][126.13099814][125.65543698][125.44106472][125.84155475][125.32944834][125.18280928][125.87288614][125.65874167][125.57654901][125.79939685][126.02581285][126.7476804][127.08894474][126.67769614][125.8239114][124.32100509][121.43548262][121.94953927][121.8900403][123.17585704][123.40260303][122.88565782][121.33409497][122.31952156][122.84381738][122.07219228][123.07673427][123.59891611][123.2848577][123.30577177][123.51173732][124.23364542][124.52750698][124.87608455][124.26849705][124.44542132][123.74013623][123.49429334][123.11820024][123.17332244][121.77718567][120.21819202][120.57386765][121.50694][121.23335929][122.09768632][122.20656786][122.41871158][122.65681316][122.92044937][122.57131258][122.14809881][122.04853103][122.9966103][123.49352256][123.04069343][124.36331473][124.73845705][125.85298853][126.63049775][126.46050383][126.70990669][127.3881732][128.67550218][127.47568585][128.4594669][128.33065068][127.21133726][126.65980229][126.7333467][126.51317391][126.10195125][126.95880782][127.14133429][126.8645724][126.93867267][127.27377652][127.9169539][128.62758012][128.91854873][128.57429022][127.68239386][128.40095012][129.08575484][129.54633712][129.83484131][129.7861924][129.08535056][129.10053136][128.97116041][128.23053893][127.84789147][127.7901981][127.28475689][127.17999471][127.75536114][128.55418731][128.40437013][127.52309596][127.4260305][127.48280764][128.03172678][128.04943749][128.27800156][129.27357045][128.93893599][128.55639389][127.1448563][127.18469956][125.94862257][124.37959153][123.76244965][122.93365034][123.09574074][122.95503278][123.23137473][122.80551375][122.43780877][120.89118059][120.72103601][122.42788389][122.72031693][122.68269869][122.94069966][122.78560622][123.16442601][123.29673288][122.54460764][122.4368997][122.97203811][121.90117617][118.54894081][117.82388169][118.8860718][120.50696256][121.31904001][121.68163167][122.14212312][122.08948394][121.79064115][123.51881063][124.09464645][124.66417561][125.99867578][126.58319145][126.22444032][126.85906743][127.12103212][127.1740709][126.99058148][126.18988048][125.70540117][126.01092797][126.10696812][126.21672408][126.43306445][126.31015811][126.23665905][126.62441738][127.23489154][126.90957154][126.71882814][126.32507794][125.81140824][125.95241923][126.13727123][126.35492148][126.4128888][127.16094089][127.66664981][127.19698323][128.0426317][127.63082822][126.86824346][126.67239546][126.13087977][126.54538441][126.52782379][126.23149065][126.56538669][126.71256152][126.50735461][126.34485896][126.43060587][126.98617672][127.77268261][128.70083354][127.46541003][127.71168546][128.55885155][128.36029728][127.77484496][127.83475645][128.06679632][128.43373787][128.98038971][128.85600098][128.48407901][128.51510787][128.55269138][128.93006318][129.22080637][129.20324159][129.89522919][129.41241384][130.07540632][130.25059241][129.99910755][130.06645172][130.01377528][129.97576639][130.09674922][129.95552344][130.05992274][129.95240593][130.5244318][130.80427087][130.56277148][129.75210405][129.63259882][130.1668065][130.07270782][130.15766391][130.65982216][130.93937509][131.00298904][131.15538106][128.9690199][127.14393238][128.04203268][129.78966453][130.86520405][131.07400357][130.26368149][130.23403073][130.6189585][131.41476439][131.92256701][132.20797397][132.48127484][132.78511761][132.96886352][132.87178274][133.10933383][133.53571867][133.35666974][133.59548336][133.38607157][133.83499254][133.82040437][134.3867772][134.31291592][133.88514483][133.15310598][133.06567288][132.93876301][133.11445316][132.90402819][132.85464667][133.0367751][133.33574909][133.72631372][134.30483579][134.08415479][133.57666916][133.39458931][133.10112013][133.28276132][133.77618963][133.53852012][133.51219276][133.61444858][133.50930136][133.32081562][132.87183214][133.23905162][133.8117155][133.86712297][133.1474976][132.18987273][130.53281579][129.33519664][128.8772076][128.73888055][128.82985751][128.58548801][129.2171271][129.68811732][129.88503981][130.8742244][130.81027094][130.37250457][130.61022591][131.13631382][130.85329988][130.80346278][130.56265796][130.00759537][129.75585704][129.89661429][129.76089182][129.41766815][128.95620498][128.98859214][128.73953215][129.68710085][130.6322986][130.54820185][129.74157226][129.43539584][129.14472637][129.89049355][129.00828748][127.87022963][126.32680469][126.173047][126.38049662][126.43292678][126.02531118][126.05163039][126.41475893][127.54688432][127.93737524][128.3287327][130.68123413][131.21750145][130.99774611][130.67507105][130.33367401][130.1574709][129.9836237][129.97558487][130.03482551][129.97853872][129.97052104][129.63523169][129.66458817][129.55825614][128.74675728][127.64056729][127.36482736][127.29450982][127.8991403][127.96067342][127.92312577][127.81998098][127.85502453][128.0251627][127.7108118][127.28180801][127.35499811][127.57370932][127.84379534][127.79053449][127.76146329][127.83511792][127.72537173][127.29435748][127.12922901][127.19138606][127.88959314][128.30018631][128.50703675][127.92578297][127.31760702][127.70236038][128.13412835][128.37120879][127.96944316][128.54540532][128.97955816][128.30401864][127.55194498][128.40928307][129.44760856][128.67414407][128.6132399][128.21109512][127.9674442][128.52056565][127.92911931][129.21508759][129.35072433][129.455647][129.53214837][132.17237835][133.544127][133.55878841][132.92470967][133.12681999][134.09010281][134.63356019][135.39394875][135.68759968][135.54458887][135.1277171][135.20068935][134.77717579][135.18570065][135.31244108][135.35345557][134.64695809][134.54590496][134.586951][134.91264137][135.56798254][135.78531911][135.699996][136.11991145][136.31699529][136.50201507][136.57253116][136.29561121][135.84415367][136.13444786][136.36645134][135.93730237][136.21678556][136.37296031][136.78108487][136.95387856][137.07409218][136.51176862][136.03696674][135.99244288][135.99952036][136.00962405][136.27001159][136.44648207][136.39907288][136.96881042][137.06329009][137.76417465][138.48109834][138.75460909][139.48257485][139.53885188][140.14044503][141.92607363][140.28665302][139.13035782][138.75750459][138.2612854][138.47257903][138.51377747][138.11704102][138.01200004][137.78881015][137.94103409][137.9851743][138.07583681][139.0361585][138.33139866][138.19316307][139.49372854][140.17277321][140.01440905][139.77486066][140.11171594][140.10584482][139.73549488][139.51800829][139.89702843][140.35791938][140.67846087][140.18633064][139.38872095][138.93039389][138.5954863][138.89532418][139.65000217][140.44050764][140.83341323][141.89982721][142.50548548][142.43667019][142.24695944][141.91460441][141.9904647][142.04996392][141.58538642][141.79991339][141.25636866][141.36482276][141.97223398][142.50409218][141.89094245][141.65902638][141.95895115][141.94719024][142.49623261][142.17168059][141.41248735][141.29289541][141.18377891][141.27775518][141.47920608][141.30349409][140.96482239][140.85914914][139.66466677][140.99431298][141.95264802][141.9470379][141.59803069][141.57132089][141.4100223][141.59803069][142.14989715][142.19469188][141.5738711][140.4483147][139.9759852][140.37592033][139.9678436][139.97046908][139.9724949][139.28311752][138.80732944][138.83094357][138.44115985][138.19962917][138.5170806][138.88709667][138.7572225][138.91927886][139.51846947][139.85913635][140.14623031][140.76053353][140.93111342][141.27963987][141.72676535][141.72975888][141.9707031][142.60495349][143.02829049][143.13981617][143.13977885][143.68827569][143.66529045][144.33185839][144.59653938][145.18650051][145.67621073][145.52475422][146.16116654][146.4555809][146.9780122][147.00427641][146.78179484][146.90236427][147.23135453][147.50454431][147.78939529][148.5545121][148.76928581][148.089657][147.45930363][147.26016797][147.33117031][147.56118664][147.45983691][147.86191433][147.36470657][141.36342466][140.99777353][142.28328467][143.40089317][143.62764704][142.94865942][142.68165365][143.08883869][143.92529604][143.6189852][143.06256667][142.90968918][143.84670472][143.66476289][142.71681562][142.83655015][142.93717807][143.35934701][143.74192649][143.58873068][143.40374736][143.61281473][143.67063557][143.58287498][143.91168678][144.57584571][144.85016096][143.21182799][142.3846543][143.01897269][143.51213936][142.5495348][142.55548052][143.02763803][142.89221868][142.79907471][143.08003897][141.93360911][141.3958499][141.79568941][141.6578318][140.9955581][140.98963516][140.72301489][140.52546286][140.58499362][140.9748735][141.59022915][142.27107995][141.82971811][143.0287616][143.12741413][143.95503577][144.86633031][145.08522678][144.53213849][144.41111112][145.53239894][145.78325686][145.46623502][145.82022253][145.76793027][146.04020916][146.45821776][145.93198732][146.01963916][145.85444112][143.77606053][141.43308344][140.1820943][140.83235967][139.82728454][139.31219919][140.36317051][140.42796782][140.39237782][142.22219736][143.04886795][146.52230217][146.67387575][146.91148628][146.37269772][147.14806435][147.15723149][145.9101632][143.83897697][142.4081485][142.90073538][143.91129452][143.90304668][144.78412229][146.37222013][147.23713335][146.96531535][145.90903045][145.51586772][145.71503078][145.57882058][145.62663956][145.97313383][145.43107014][144.39501057][144.48214339][144.99685011][143.85317256][144.90919865][144.64209755][144.39570411][145.06733992][146.05569367][145.41458498][145.20984011][145.57093313][144.74265072][145.28916881][145.31840467][145.47992198][145.65541196][146.33456405][145.81790341][145.3913136][144.9487946][144.37550551][142.95126861][138.6951651][138.96838158][138.70088551][138.25649444][137.21511973][136.19868833][136.66032298][137.19176131][136.96589071][137.26841993][137.96438733][138.42461299][138.27785492][137.56254978][137.90847582][137.90267928][138.73327746][139.57714841][139.57419381][139.62088803][140.01475914][139.88762807][139.38210251][139.90544323][139.11389499][138.60702825][139.08970312][139.74685365][139.88905453][140.58997312][141.27741468][141.73869725][142.27609291][142.07895171][142.15764817][142.27043659][142.04137321][141.20396282][140.81366884][139.84023603][138.96009486][138.03766039][137.66786228][138.11647354][138.17320054][138.5603089][138.30525848][138.76198333][138.59594008][138.31397981][138.6747299][139.03684343][138.87535605][139.61790426][140.28756874][140.17029117][140.25790093][140.46338924][139.6357066][140.08017505][140.06704182][140.16993687][140.70351997][140.91228744][142.16448712][142.11636556][141.95589927][141.94891133][141.47135589][142.05009598][142.58416906][143.35092655][143.17793927][143.05106343][142.44356911][142.31422013][143.14176886][144.64135474][145.89546122][146.14618916][146.96581368][147.28618643][147.07856403][146.78078097][146.86975406][147.61094262][147.52799564][147.24809267][146.91977908][147.09825747][146.91719652][148.13745073][148.80149873][148.41160193][149.08066166][149.27512327][149.24858845][149.1519632][148.20816965][148.20563147][149.36852799][150.0386424][150.44086585][149.75658963][149.28647978][148.80831573][148.99561574][149.41860335][149.71539027][151.0118455][150.48511126][150.74004169][150.04428827][149.7174243][148.57291923][147.96941804][146.4415792][144.12222119][145.96248961][144.04373675][144.92515269][144.70215667][143.83731343][142.88885391][142.19115162][142.4501025][142.02386328][143.74441392][143.03891829][143.37820832][143.85120513][145.82577835][146.93267169][148.00555743][148.29663049][148.46696063][149.25790944][149.64197637][149.36255977][148.68441892][148.95269095][148.28028361][147.77437434][148.49581538][148.95758184][148.55168812][149.23892703][148.96628526][149.35763528][149.48302856][150.96769224][151.25044304][151.24475268][152.3425812][151.11750017][148.98757131][149.06811877][147.91111444][147.78252653][148.12820941][147.77900289][146.58268961][145.29377742][144.72755589][144.0262641][141.95287727][140.60173129][138.13265022][138.51483362][139.36748406][139.96384913][140.16082339][140.79450145][140.93907767][140.99014477][140.88297471][141.86181601][142.55718526][142.7317309][142.27619425][142.36328385][142.37578722][141.99016164][142.04300417][143.51593401][143.00151749][142.91443896][143.1867082][144.40193762][144.17584819][144.96602859][145.7533808][145.84426549][146.32917433][146.77873239][148.20503325][148.90784209][149.67719017][150.32947628][150.85213548][151.86250404][152.57065793][151.94099177][151.24865887][148.43999016][147.57179853][147.73244379][148.801668][148.87660885][148.47530501][149.18587514][149.57201805][150.50526674][150.26719855][149.66512868][149.44618192][148.3788184][147.46013183][148.1000694][148.40879805][149.05777856][148.57876274][148.31142386][148.3266467][148.64037686][147.96862697][148.12415744][147.81152154][147.19269896][147.88314457][148.06182481][148.85467356][149.92714428][151.33018266][151.78340145][152.64659664][152.83791576][153.70399297][153.54581928][152.85195136][152.45919395][152.66789278][153.43662815][153.38359185][153.09350517][152.94399666][153.05158455][152.83479663][154.26471723][154.53410043][155.13125729][156.23238354][156.9289979][157.39266598][157.8352045][157.53050036][159.42081447][159.29257041][158.20842486]
 Actual Values: 
 [57.93] [58.09] [58.51] [58.21] [58.29] [59.86] [60.41] [61.24] [60.74] [60.84] [60.3] [60.49] [61.4] [61.5] [60.98] [61.15] [61.18] [61.4] [61.53] [61.7] [61.52] [61.17] [60.32] [60.02] [60.38] [59.72] [59.2] [59.69] [59.87] [60.07] [59.69] [60.97] [60.4] [60.65] [61.05] [60.62] [61.1] [61.919999999999995] [61.64] [61.07] [62.0] [62.37] [62.870000000000005] [61.75] [62.2] [61.82999999999999] [61.82000000000001] [62.1] [62.019999999999996] [61.71] [61.4] [61.22] [61.32] [61.61] [62.01] [62.470000000000006] [62.0] [62.37] [62.25] [61.65] [61.730000000000004] [61.34] [61.02] [61.82000000000001] [61.53] [60.85] [60.63] [60.82] [61.27] [61.37] [62.0] [62.019999999999996] [62.28] [62.05] [61.82000000000001] [61.51] [60.49] [60.73] [60.5] [59.48] [59.73] [59.29] [59.25] [59.83] [60.75] [61.02] [61.38] [61.19] [61.09] [61.41] [61.59] [60.76] [61.36] [61.31] [61.13] [61.32] [62.56000000000001] [63.9] [63.68] [63.220000000000006] [62.8] [63.31000000000001] [62.89] [62.24] [63.05] [62.88] [62.8] [62.95] [63.25] [63.56000000000001] [64.67] [64.05] [63.55] [62.15] [56.88] [59.75] [58.29] [59.49] [60.48] [59.96] [57.17] [59.22] [59.41] [59.05] [59.69] [60.83] [60.08] [59.92] [60.44] [60.93] [61.49] [61.71] [61.4] [61.45] [61.07] [60.6] [60.1] [60.53] [59.38] [57.23] [56.52] [57.95] [57.98] [58.45] [59.15] [58.87] [59.39] [59.81] [59.69] [58.9] [58.81] [59.22] [60.59] [60.03] [59.94] [62.34] [61.52] [64.38] [63.769999999999996] [63.81000000000001] [64.58] [67.5] [64.59] [65.18] [66.5] [64.46] [63.97999999999999] [64.08] [64.22000000000001] [63.620000000000005] [63.57999999999999] [64.5] [64.63] [63.99] [65.0] [65.17] [65.90000000000002] [66.82] [66.64] [65.47] [65.5] [66.49] [67.27000000000001] [67.34] [67.9] [67.4] [66.35] [66.97] [65.64] [65.14] [65.18] [64.74] [64.53] [65.21] [65.97] [66.48] [65.39] [65.0] [65.07] [65.55] [65.84] [65.45] [67.04000000000002] [66.70000000000002] [66.26] [64.88] [64.57] [63.620000000000005] [61.63] [61.3] [60.02] [59.96] [60.53] [59.8] [60.42] [60.05] [57.55] [57.44] [58.15] [59.69] [59.04] [59.68] [60.06] [59.53] [60.0] [59.95] [59.39] [59.32] [59.83] [55.38] [53.33] [54.81] [56.19] [58.09] [58.38] [58.9] [59.09] [58.5] [59.45] [60.8] [60.45] [62.720000000000006] [64.0] [63.919999999999995] [63.57999999999999] [64.59] [64.57] [64.83] [63.59] [63.07999999999999] [63.43] [63.55] [63.66] [63.22999999999999] [63.66] [63.34] [63.63] [64.68] [64.26] [64.16] [64.07] [63.22999999999999] [63.32999999999999] [63.41] [63.81999999999999] [63.8] [63.470000000000006] [65.37] [64.55] [64.86] [65.99] [64.53] [64.55] [63.44] [63.64] [64.22000000000001] [63.57999999999999] [63.51] [64.35] [63.99] [63.95] [63.32999999999999] [64.31000000000002] [65.0] [65.85] [63.95] [65.23] [65.49] [66.3] [65.37] [65.49] [65.37] [65.98] [66.58] [66.94] [66.29] [66.01] [66.08] [66.43] [66.73] [66.68] [67.69] [67.39] [67.70000000000002] [68.45000000000002] [67.95000000000002] [67.76] [68.07000000000001] [67.48] [68.03] [67.86000000000001] [68.14] [67.93] [67.69] [68.67] [68.96] [67.52000000000001] [67.44] [68.0] [67.70000000000002] [68.34] [68.17] [68.94] [68.9] [69.25000000000001] [66.86000000000001] [65.06000000000002] [64.43] [66.84] [68.07000000000001] [69.3] [68.36000000000001] [67.93] [68.49] [69.14] [70.00000000000001] [70.23] [71.01] [71.07] [71.21000000000001] [71.35] [70.84000000000002] [71.92] [71.93000000000002] [71.47] [71.69] [71.95] [72.55000000000001] [72.75] [72.82] [72.21000000000001] [70.99] [71.7] [71.23] [71.56] [71.36] [71.11] [71.50000000000001] [71.49] [71.81] [72.63] [72.58] [72.23] [71.58] [71.62] [71.22] [72.08] [72.01] [71.69] [72.25000000000001] [71.69] [71.93000000000002] [71.08] [71.32] [72.05000000000001] [72.36] [71.9] [70.68] [69.36] [66.73] [66.57] [66.65000000000002] [66.05] [66.43] [66.25] [67.74] [67.71] [68.56] [69.05] [68.42] [68.19] [69.05] [69.19] [68.44] [68.66000000000001] [68.21] [67.77] [67.6] [68.16000000000001] [67.11000000000001] [67.0] [66.28] [66.43] [67.02000000000001] [68.33] [68.99] [67.93] [67.19] [66.66] [67.69] [67.56] [65.43] [64.16] [62.65] [63.56000000000001] [63.91] [63.32000000000001] [63.4] [63.47999999999999] [64.76] [65.31000000000002] [64.32] [67.28] [68.95000000000002] [69.38] [68.6] [68.79000000000002] [67.66] [68.04000000000002] [67.68] [67.93] [67.93] [67.99] [67.57000000000001] [67.55] [67.67] [66.97] [65.43] [65.19] [64.69] [65.13] [65.63] [65.47] [65.68] [65.14] [65.67] [65.47] [65.11000000000001] [64.48] [65.06000000000002] [65.41] [65.45] [65.35] [65.45] [65.56000000000002] [64.87] [65.04] [64.64] [64.68] [65.58] [66.39] [65.64] [65.11000000000001] [64.76] [65.33] [66.21] [65.13] [65.94] [66.64] [66.54] [64.83] [65.31000000000002] [67.0] [66.6] [66.16] [66.02000000000001] [65.68] [65.94] [65.59] [66.62] [67.12] [67.39] [67.02000000000001] [67.69] [71.8] [72.2] [71.35] [70.84000000000002] [71.9] [72.84000000000002] [73.2] [74.32] [74.44] [73.55000000000001] [73.91] [73.76] [73.67] [73.85] [74.05000000000001] [73.0] [73.23] [73.04] [73.31] [73.92] [74.12] [74.27] [74.64000000000001] [74.98000000000002] [75.05000000000001] [75.48000000000002] [75.52] [74.28] [74.68] [75.01] [74.06] [74.65] [74.89000000000001] [75.32] [75.7] [75.88] [75.54] [75.0] [74.42] [74.61] [74.64000000000001] [74.72] [75.27] [75.14000000000001] [75.28] [75.98000000000002] [76.28] [77.12] [77.69000000000001] [78.87] [78.65] [78.85] [82.0] [80.06] [78.7] [77.98] [77.24] [77.59] [77.56] [77.28000000000002] [77.11] [76.76] [76.45] [77.16] [76.7] [77.60000000000001] [77.54] [76.83] [77.83] [79.2] [79.5] [79.0] [79.29] [79.36] [79.35] [78.62] [79.02] [79.05] [80.0] [79.76] [78.61] [78.2] [77.83] [77.36] [78.19000000000001] [79.69] [79.32] [81.02] [82.04] [81.68] [82.1] [81.49] [81.21] [81.67] [81.25] [81.12] [81.26] [80.09] [81.57] [81.55] [81.92] [80.85] [81.35] [81.38] [82.04] [81.98] [80.81] [80.78] [80.6] [80.71] [80.87] [80.81] [80.34] [80.82] [79.03] [78.99] [81.31] [81.56] [80.86] [81.18] [80.99] [80.86] [81.33] [81.91] [81.31] [80.19] [78.93] [79.84] [79.5] [79.04] [79.18] [78.58] [78.2] [77.68] [77.81] [77.24] [77.58] [77.97] [77.72] [77.74] [78.71] [79.03] [79.16] [79.86] [80.38] [80.21] [81.23] [81.33] [81.09] [81.66] [82.63] [82.98] [82.76] [83.01] [83.25] [83.62] [84.41] [84.75] [85.61] [85.29] [85.68] [86.56] [86.66] [87.42] [86.83] [87.04] [87.37] [87.82] [88.11] [87.88] [89.81] [88.52] [88.11] [87.25] [87.46] [87.5] [87.99] [87.6] [88.18] [80.0] [80.13] [81.02] [82.7] [83.58] [82.88] [82.58] [82.02] [83.27] [83.44] [83.06] [81.57] [82.93] [83.64] [82.62] [82.25] [82.52] [82.6] [83.6] [83.32] [83.16] [83.11] [83.21] [83.54] [83.01] [84.23] [85.39] [83.29] [82.0] [82.07] [83.78] [82.15] [82.2] [82.52] [83.08] [82.56] [82.55] [82.11] [80.355] [81.425] [81.31] [80.29] [80.66] [80.25] [80.0] [80.07] [80.22] [80.62] [81.78] [81.35] [81.55] [82.76] [82.6] [84.32] [85.31] [84.64] [84.3] [84.39] [85.86] [85.66] [85.72] [86.05] [85.85] [86.3] [86.18] [85.63] [85.84] [84.47] [81.49] [77.65] [79.74] [79.92] [78.21] [79.15] [79.47] [78.93] [80.8] [82.19] [86.21] [86.13] [87.27] [86.5] [86.55] [87.61] [87.03] [84.15] [81.6] [81.62] [83.09] [83.27] [84.43] [85.25] [87.52] [87.7] [86.41] [85.53] [85.37] [85.84] [85.32] [85.77] [85.29] [84.86] [84.14] [85.08] [84.0] [83.72] [85.28] [83.44] [83.45] [86.08] [85.52] [85.58] [85.64] [84.43] [84.98] [85.77] [85.3] [85.72] [86.09] [86.14] [85.55] [85.13] [84.95] [81.94] [75.5] [78.03000000000002] [78.0] [77.23000000000002] [75.75] [74.73000000000002] [74.07] [76.2] [75.63] [75.93] [76.43] [77.19000000000001] [77.33] [76.58] [76.56] [76.73000000000002] [76.88] [78.75] [78.85] [78.28] [79.26] [79.14] [78.38] [78.82] [79.31] [77.10000000000001] [78.14] [78.5] [79.22] [79.44] [80.15] [81.13] [81.41] [82.12] [81.16] [81.57] [81.66] [80.95] [80.35] [79.82] [78.35] [77.5] [76.8] [76.46] [77.15] [77.64] [76.95] [78.09] [77.33] [77.73] [77.26] [77.99] [78.09] [78.4] [79.3] [79.59] [78.74] [80.05] [78.92] [78.38] [79.73] [78.86] [80.0] [77.5] [81.73] [81.89] [81.29] [81.54] [80.55] [81.4] [81.58] [82.87] [83.18] [82.63] [82.19] [81.92] [81.98] [82.88] [85.63] [85.3] [86.99] [86.96] [87.53] [87.1] [86.77] [87.89] [87.95] [87.76] [86.9] [87.13] [87.17] [87.29] [89.2] [88.8] [89.0] [89.78] [89.64] [89.94] [88.96] [88.0] [89.1] [90.59] [91.12] [90.43] [89.98] [89.36] [89.13] [89.65] [89.79] [91.55] [90.87] [91.34] [90.92] [90.51] [89.44] [88.3] [87.72] [84.57] [87.3] [83.59] [84.29] [84.95] [83.96] [82.8] [81.97] [80.38] [82.33] [81.73] [82.3] [83.63] [81.75] [85.46] [86.14] [88.18] [88.49] [88.35] [89.82] [89.78] [90.05] [89.43] [89.04] [89.37] [86.54] [88.06] [89.19] [88.75] [89.24] [89.51] [90.0] [89.46] [90.32] [91.73] [91.95] [92.69] [92.65] [89.18] [89.84] [88.73] [88.59] [88.51] [88.23] [86.25] [86.21] [84.48] [84.42] [81.87] [80.1] [78.0] [75.72] [77.31] [79.51] [78.84] [78.65] [80.64] [80.82] [79.73] [81.14] [81.54] [82.15] [81.54] [81.67] [82.0] [81.55] [80.89] [82.48] [83.05] [82.43] [82.69] [84.0] [83.41] [84.5] [85.49] [85.69] [86.0] [86.56] [87.56] [88.94] [89.52] [90.45] [91.48] [92.24] [93.24] [93.52] [92.35] [88.12] [87.72] [87.47] [88.47] [89.69] [88.68] [88.4] [90.29] [90.89] [91.32] [90.2] [90.16] [89.31] [87.41] [88.14] [88.74] [89.34] [89.03] [88.76] [88.49] [89.21] [88.71] [87.54] [88.61] [87.28] [87.96] [88.42] [88.52] [90.24] [91.16] [92.77] [93.0] [93.49] [94.53] [94.86] [93.93] [93.49] [93.58] [94.24] [94.57] [94.33] [94.09] [94.09] [93.58] [94.08] [95.99] [95.53] [96.71] [98.41] [98.49] [99.35] [99.05] [99.61] [100.67] [99.96] [99.0] 
 ---------