Company Name: Alexion Pharmaceuticals 
Ticker Symbol: ALXN 
sentiment1: Alexion to Buy Synageva BioPharma in $8.4 Billion Deal 
 Alexion, Maker of a Rare-Disease Drug, Buys Another 
 published on 2017-12-08 
---sentiment2: Is Capital or Labor Winning at Your Favorite Company? Introducing the Marx Ratio 
 Focused Bets Propel Three Successful Funds 
 published on 2017-07-21 
---sentiment3: Jerome Powell Clears the Senate: DealBook Briefing 
 Reconsidering a Credit For Making Rare Drugs 
 published on 2018-05-25 
---sentiment4: Tesla Pushes Back Its Model 3 Targets Again: DealBook Briefing 
 On This, All Candidates Agree: Connecticut’s Economy Is Hurting 
 published on 2018-07-22 
---sentiment5: Focused Bets on Growth Propel Three Stock Funds 
 Where the Buck Doesn’t Stop 
 published on 2017-11-08 
---
Current Value: 134.42 
Prediction: Decrease 
Perecent_correct: 0.7 
Predicted Values: 
 [72.3303174][72.84648346][72.1542603][72.0236138][72.04257787][73.516728][73.57415767][74.40981181][73.87627076][72.29002066][72.9876892][73.08010602][73.28006965][71.63609241][71.9148258][71.61199074][71.22485317][71.39401228][70.92796005][69.84817562][69.90491569][69.7355829][71.72377635][72.47457171][72.04989628][71.21265262][69.96569672][69.60895647][70.94670778][70.97287591][69.79606609][72.19846423][72.24130301][73.32238335][74.0511758][73.75210119][72.38717439][70.8251962][70.23420307][69.98075701][70.38916265][70.55505275][70.3682583][69.08492438][69.16030555][71.01993363][72.60224616][73.8213809][73.86453674][72.87082456][73.68285033][75.84800748][76.21805513][75.6255671][76.52414148][76.69350879][75.46777234][76.88842241][78.46822111][79.72066725][79.60520041][79.00920119][78.7572577][79.1149296][80.94373244][81.57494965][81.02117085][79.4385013][79.13569252][78.96046676][79.2754619][79.56845301][79.72381914][79.52974435][80.73430224][81.7210291][82.10240135][84.08626005][83.5975373][83.61489485][82.33491591][84.79013405][86.66598904][88.00084075][87.92319319][87.14886876][87.0658729][85.97617017][85.71615949][86.73100573][89.70048158][89.2055132][87.76767176][88.12490561][88.05203891][88.06702946][88.52133629][88.50984505][87.63187409][87.43929981][88.38872881][88.5725827][90.5754998][92.6494509][92.49157709][92.6372508][92.38900464][92.81268271][93.1339886][95.08204119][96.37292185][96.98681973][96.67042497][96.64148065][95.23229332][93.71005052][95.48561497][96.00882453][96.28155509][96.10870868][96.04602851][95.27495988][94.16603936][93.34636218][93.47259702][92.7590236][92.40403513][92.73477821][93.43735914][94.22474898][94.88351285][94.52615979][95.05683273][93.35243879][93.36645721][93.6135937][93.76017458][94.56620344][94.86862967][94.9494536][92.53780218][89.83319978][89.28055681][88.4875843][89.35178022][89.99159796][89.58633339][90.24121338][90.53723337][89.64183278][88.14553026][90.9274316][95.74163707][93.86632603][95.32644953][95.77573666][95.47599409][94.75563491][94.42336948][91.91511009][91.40265144][92.57438365][93.72686631][94.35946024][94.69821778][94.96207689][95.65953412][95.83948536][95.70129574][96.37283907][96.62666552][100.13690759][101.10562344][99.76907187][98.2339965][98.40888679][99.7242225][101.16745613][100.32501171][101.41139224][104.67416631][105.90830947][105.67867681][104.70791129][103.28559658][102.54308731][100.08866855][99.3816118][100.08309441][99.98058558][101.0604991][101.96285455][102.68256875][102.44322173][100.60943513][100.79068699][106.42719311][108.35442262][109.77660455][109.20072607][107.13528958][106.63639506][104.32388372][108.39464918][108.55132397][107.17388916][106.87701472][106.2938871][105.57918313][105.59081988][106.14462275][106.63247671][106.42017832][105.19732328][104.05928131][103.92939872][105.19958329][105.83926529][107.48476129][108.56346068][109.00288019][108.93218875][107.48544503][108.61170775][109.42069815][109.47706348][110.0769737][111.65991298][111.81953298][111.24462858][111.14157947][111.33334185][112.13812792][112.61923307][113.68741694][114.87656774][114.85504688][115.10123377][114.83744866][115.46623506][114.50216901][113.95400934][115.17083015][116.76757498][117.33066634][118.14836182][118.9693068][119.17457605][117.71869883][114.64390426][112.50554542][113.59989598][112.96969701][113.0144406][113.11534499][114.61877316][116.38743292][112.85632231][107.69795111][103.86095949][101.16593187][98.4864146][98.76529455][96.52758305][95.10050873][94.74442583][93.5413845][93.81529739][92.48643642][91.7546362][93.39351574][95.13660136][94.84193167][94.24160564][92.17403674][93.30845717][95.32506566][96.20665987][96.79608665][97.28586716][96.99431564][96.88727615][97.91405097][98.93296819][98.69608562][98.70619193][98.2490114][97.67886926][97.00219636][95.94576575][95.68386298][97.35442764][98.02117242][97.32258661][96.89022582][97.39862905][99.3214557][98.66131967][98.50907256][97.35540907][97.73514233][97.37074747][96.75394185][95.86412715][96.07014797][101.05684731][101.47806517][100.85812769][99.74010855][99.95237265][101.77648575][104.00014541][104.06027907][102.08249142][101.22452268][100.32769158][100.42456337][99.96140944][100.07380074][98.62199181][97.37859634][97.65233391][97.68849366][97.44946285][98.28056439][97.37419103][99.52860664][98.60920336][98.39354775][97.36186942][96.45991351][96.36317288][96.1119143][94.61375762][94.42112347][95.34849924][90.80984004][87.54894886][88.31870587][89.97309223][90.84242952][90.49493526][89.63198706][89.82995456][90.30174153][90.25509372][92.05529107][94.03969183][95.49606572][95.56097712][95.14651838][94.56608922][94.72236724][94.73461801][94.77983828][95.97773888][96.255255][96.24814181][96.69928662][95.8701523][96.06482528][96.12727692][95.29470691][95.86243778][95.17427924][96.90222307][100.81525556][100.83710171][100.98191324][101.26389064][101.15412388][100.58298889][101.90890983][102.61154321][102.47606207][100.96723309][99.44978101][98.08175909][96.57504656][95.61900315][94.99264598][94.59342545][94.00028399][99.32789894][101.5206747][101.51686147][100.55752515][100.07979401][99.23002568][100.50965755][100.35669298][99.5926274][99.442316][100.60572679][104.26958061][106.26950042][108.49868752][108.56580812][105.66997114][105.14126292][104.10980957][104.02159122][104.63041383][102.45958013][101.49325806][103.34630113][102.1314335][102.91985822][101.89024098][99.70809381][97.2655173][95.35997821][95.0598928][97.32732341][96.50545204][95.88288823][96.10386919][95.66536278][95.70937849][95.40956673][95.35969698][96.3565568][93.00135323][92.62417301][91.71788549][91.96231772][94.74049554][96.6352874][95.92164973][98.74982527][98.31107321][98.24055241][98.96088792][98.65730575][98.24590928][101.3188682][103.70000522][103.46563898][113.71302535][109.5318583][110.06061204][112.05493874][114.08931947][114.34679697][112.84031036][111.49739146][110.1519597][112.17413648][111.94721908][117.15021366][117.073392][118.27571113][117.79969712][117.9064761][116.37793423][115.77342022][115.59672693][115.72167155][112.29502724][111.32620064][111.60544571][109.45560551][107.25300915][106.71797543][106.52557656][107.23873461][107.87700623][108.07559019][108.99868748][107.7694588][108.65182595][110.23554844][110.48523194][111.47582929][113.34866373][113.79902101][113.58391032][113.58758225][114.41359006][115.33355008][115.39955795][115.2120598][115.56071292][115.20381858][116.37394402][116.2113447][115.33760422][114.53774074][114.4660686][114.92604356][115.99160368][116.76628217][116.65023053][118.07036247][117.79697328][116.38086111][116.4158228][115.88469031][113.41144064][109.27527715][109.66174373][110.22576017][109.12875443][109.51496833][111.85154327][112.00980263][111.42028656][109.23874303][108.84846717][110.39587654][115.78578834][122.93261456][124.25296504][124.20830157][125.21636366][124.46839393][123.95256027][123.80250952][121.83501466][119.30510597][117.14517257][117.48244064][118.15745421][116.56840788][116.92579582][119.44562088][122.76965387][123.42715297][120.33117356][120.2662137][121.26407116][122.78243686][123.29948404][122.47326896][122.59279022][123.6676877][124.33427586][122.58496933][122.42601996][122.59757976][126.03261946][126.72326808][125.73047496][123.86671164][122.39315418][124.17087923][124.3716701][123.52066006][126.72341802][129.75908282][130.57351604][130.85286432][130.59400391][132.04721421][132.00065252][131.68349314][132.27721658][132.36754291][132.14723479][130.4907714][131.57587896][133.31585389][133.5572928][134.34271034][133.24959852][134.50553063][136.41065798][137.51689414][138.5270869][140.49077226][139.8294586][138.05887113][135.44453776][131.93056606][131.10493395][132.59085884][158.80962698][155.60536328][154.37018451][153.05739977][153.49896532][153.43396661][157.72142649][164.59861288][168.76117508][170.75929859][173.18476766][176.01593116][177.44057416][176.61458615][174.99032162][176.1088657][178.96060667][178.4478237][177.84612267][178.15454927][176.55044359][170.19922162][170.80033318][168.25727217][167.50395992][165.14172387][172.65157796][173.58973052][172.31193335][172.74531906][170.73863908][173.21145964][175.11309293][174.32727048][170.31696755][166.26822907][153.43155062][150.47522678][151.61132143][149.5260879][149.76216313][149.19893907][153.66270369][153.40716368][150.50122525][147.44350844][143.18139235][145.57389896][150.74455418][149.00079143][141.25353036][141.12233838][142.70293522][146.68253101][148.55180861][149.11436651][153.10804827][152.18051922][156.02266022][152.75347465][150.45396775][153.09727793][155.90427318][156.75384217][155.84217884][154.8354543][154.10865879][153.35830873][150.96686182][150.27953563][155.38756108][158.81665626][158.04463146][155.64748612][154.96943299][155.06509777][154.8305802][153.93170199][157.12865361][158.54498128][162.79609262][164.23664461][164.7389443][163.52255051][162.26273041][163.62063522][165.18853636][165.65304482][167.30260436][165.17822068][163.71477588][163.13362249][163.37581746][161.66173821][160.55565027][158.59665158][157.23128267][157.12390444][160.440084][160.53402598][157.60042343][156.57871205][156.82426251][156.082418][154.52898071][157.81225522][160.09527478][161.19276921][159.68278379][156.68008474][159.43140807][159.07132064][159.60328446][160.75080192][159.48288455][157.31323087][154.14167802][156.50171042][158.9246838][162.91399696][167.32730453][166.53705259][163.3541373][161.85243441][160.57495196][161.83899736][157.72936987][156.31820026][156.29875979][154.60583395][154.90846425][154.98215125][155.3161613][157.87453784][157.57202131][159.67135914][163.38956242][166.42280087][167.70853704][166.17054322][164.86774047][164.66476127][164.10134826][166.37467109][167.44650049][167.02183564][164.66993733][165.34095684][165.61684176][166.27401917][165.03969273][161.85723745][161.05326103][159.25548185][160.42351669][162.39471679][161.58289923][158.01382477][158.93706416][159.83051354][158.69613771][159.00728981][157.48914138][156.52693494][161.62086384][163.34484069][163.31506705][163.3819096][163.35319612][163.24102104][164.10521937][170.65712276][172.38004768][166.9372387][169.23535496][169.22579479][166.3619378][162.31023032][159.50362859][156.75183814][158.18698722][162.28566878][163.4084435][168.43921487][169.78728671][178.50000762][182.89035706][184.29414344][186.55235543][185.80496291][186.12783345][188.69241526][185.9617134][185.68728744][187.09899913][187.08822085][188.00763448][188.80360763][189.12239846][188.02255726][187.79262785][185.82630979][182.91362409][184.71276065][185.9010915][185.92645635][187.49735932][187.44898614][187.24117237][187.83554622][189.00666009][187.7905079][191.74941447][194.02347951][191.13435391][191.5395622][191.89590815][191.29362768][189.27734762][187.84168186][183.11112593][181.33103344][175.89602994][175.94030772][182.04688408][183.94466503][183.13185741][180.27477105][176.9754307][180.31290824][182.76889783][181.06835695][180.56416406][181.68126948][177.48764846][177.2704335][180.21664343][179.56233012][178.01239726][179.55893526][178.24826314][172.4733565][170.86707731][172.89337163][177.2635702][176.15682574][175.67797577][177.01044928][177.72338664][175.68579719][175.49779456][177.76097104][180.81090885][176.99592198][173.44985463][172.68266883][174.374986][173.26622082][171.07205287][170.26141592][171.2879335][171.18578553][175.23642116][175.55353731][174.66449026][176.42964845][179.35076989][180.51133467][178.11938661][179.04316075][179.30634349][177.07653425][177.75936561][178.18953241][176.94293254][179.51482529][178.11364356][178.51151996][177.5301019][175.38404762][174.33927707][173.56972173][174.06267467][176.93524262][181.22567975][183.32248043][184.50249696][180.69493192][180.09729607][176.33227646][171.27381568][174.59086173][176.87374037][172.797201][167.23408843][165.71458296][166.14916357][170.33484753][173.08037341][173.52368692][175.89221934][177.8213484][178.00938946][178.58916114][178.81350898][177.22920221][179.22621201][181.47185673][182.36973897][180.0213947][176.97374852][174.42342937][169.62973147][168.76397909][167.81342551][168.21736365][168.40346305][166.16823051][155.37415549][157.74120825][161.13675852][159.38166716][158.03616565][157.48844925][157.86952166][158.49629493][158.74840285][159.33288878][160.40428865][163.245017][166.43769774][165.64836213][163.68631975][163.15977489][161.53500292][161.53116542][160.44520946][159.95439243][156.8866884][156.97101331][156.78620145][156.39032112][162.91000807][165.68118927][165.52827837][167.83792324][171.05682692][174.31482953][177.80765376][179.60983354][181.52111094][183.94426144][181.09225266][180.12596334][180.34418241][176.20506757][175.66834268][178.17824589][179.20332636][180.02339225][181.81909089][180.53109792][182.48754539][185.57891142][190.49638405][195.84418982][198.62773814][197.46302627][197.18659007][197.82859067][197.31539781][198.21727445][200.0605071][196.37627607][193.07814289][195.23997186][195.55457184][193.82106617][192.20819587][190.4457724][190.73908859][192.49715738][188.65432924][184.07926902][185.67320832][182.56339691][183.1574084][184.15018623][181.76440706][183.75234115][183.84923953][179.97216273][177.52343758][171.95386826][164.00341697][166.02584613][168.17312648][173.34991907][173.99528335][171.94306399][167.03601568][170.6393798][172.47329217][168.09490859][171.67405747][172.25657554][167.12486972][167.43012087][166.33022272][165.43804776][164.90673949][164.71293995][163.26780653][161.61497606][155.77836463][156.5249675][154.96772794][153.5958867][145.89133929][146.27139257][151.735295][154.40814471][159.94789288][162.38296815][158.40861824][160.43013234][160.87234745][159.89235408][157.8990277][155.12167481][151.72239299][154.95975862][158.46926031][158.78099369][157.42761561][158.33493607][161.28322795][166.17021617][167.23391054][169.66352092][172.52875679][171.80471615][172.16554118][174.51739678][174.30403369][172.61375209][170.23561156][168.23545028][168.23339245][168.94123425][167.60652602][164.61206261][163.20104975][164.47809581][166.30291732][170.36291377][171.37604173][170.81369685][170.79563176][171.88709205][175.76568153][177.20861806][175.70072044][175.34204058][173.66176019][169.56167731][169.0358816][174.64794337][181.86614865][180.43137767][181.17548564][180.81216919][182.87421442][182.52585375][182.79863054][182.76998934][178.88468176][179.05510051][181.07379103][182.61144228][183.17529675][183.17839466][185.52805811][185.67134159][185.23181791][180.50146391][180.22801652][179.27856596][173.61795265][168.21202364][162.9764267][161.63414224][160.15637937][161.37138358][156.28418768][157.58979542][155.59444992][155.62263793][155.85312884][154.65089424][151.83829707][151.05503482][148.36729419][144.94822075][142.88989995][139.30993107][140.26362916][145.24467533][143.16106514][138.07647738][137.14838478][138.95016165][134.72735814][138.28999496][141.54338991][145.0734053][144.84436437][142.83548396][145.0978033][142.73096214][140.07368319][140.81429766][139.52950659][139.2708189][145.92378635][148.6852521][146.91703498][144.31177688][145.43504475][143.27950988][140.02833433][138.572313][137.68240642][136.32650216][133.29314627][133.06626374][129.44467989][128.38142837][129.80291547][132.92230108][134.06973394][133.19348734][132.95233105][132.72311804][135.10820053][136.9804728][139.11885143][144.35648932][145.68686856][151.37471141][150.45701975][147.43794732][147.24061135][149.38937629][151.61113708][151.91124319][151.67351857][152.78746895][153.09638679][154.06259108][156.69472275][157.31291546][155.69953154][153.68967888][150.83368437][142.14027593][139.55416294][138.92246557][142.70830313][141.40217398][141.07236944][140.27131331][141.6646115][143.32630536][141.84234747][138.24804867][138.10011788][141.12406161][140.97572441][139.86241567][139.18130382][139.96323755][141.36059462][143.81233579][146.47900911][146.6285185][147.36503132][149.22402319][149.75951113][152.5753664][152.4696333][152.06183777][138.15758018][137.54035446][137.89657634][135.53073439][134.47275812][131.98656497][130.46083614][128.14859437][126.29918347][126.6537914][124.44316529][123.7938499][123.48085928][117.32205875][114.56971578][115.3928442][116.33778196][116.63967017][118.84359431][118.28759325][120.35473551][123.70178109][124.63100165][125.73279111][125.95462453][125.37632981][125.14719175][126.04159099][125.50854463][124.89194306][126.12309891][128.06179295][126.85882803][126.7328621][126.77141487][128.43810517][132.27175992][129.51990325][131.70331937][133.25837331][135.21874767][136.08704545][135.84622413][135.86334882][134.74098302][133.50228104][132.75225665][132.41517344][134.55986518][133.81044846][133.00869635][131.9887341][131.69282869][134.53276575][136.18626813][134.70576756][130.87509325][129.79872071][128.80920381][127.97020964][127.11086667][125.77813445][125.26376833][125.09544033][125.77197195][128.07343398][127.15977792][127.31353003][127.51190812][128.43503785][128.79602466][130.63457969][131.18469871][131.58923259][131.07520326][132.047899][129.76566743][126.20858326][125.41637513][125.99351816][123.21947387][122.07259605][122.56982791][123.29105393][125.22359079][124.2201322][124.55030644][126.03870192][124.27978666][121.22057621][119.76664173][120.34973502][119.71637204][122.57886058][121.33406191][122.16344526][121.71068071][122.15954619][122.29266871][122.09842768][129.73711533][133.82530632][132.87952596][131.05427544][129.41968631][128.66469514][135.92143923][126.7614667][120.89461098][129.63545433][127.01824724][122.18967924][119.31734004][120.24326196][122.11869001][123.03053727][122.27840433][119.86833997][118.51724913][118.45059876][119.34925894][119.68339319][124.63059812][124.69260537][122.85184147][123.04239852][125.36360228][124.70721855][124.98862014][125.83622739][130.15515521][118.54718598][113.52737971][113.50027169][116.49481821][120.0811066][119.20799633][118.40293508][119.19893905][123.95519462][126.64540843][126.81793556][125.09416029][123.67128795][123.43298501][123.70690302][126.1968771][136.57206362][141.03274231][142.58207709][142.63882817][139.39319644][136.5557724][136.67051339][134.96102225][135.65887828][134.08586853][133.15722543][131.48678136][130.59420703][129.83722682][129.64886257][128.69881162][127.94963245][129.35456009][130.53606427][129.80188908][127.97237824][127.05994927][127.74850422][127.02635072][126.68987398][126.99803359][127.34913809][128.87888113][130.46855459][134.36373158][129.13756662][130.14834301][130.09290358][130.18536841][131.05093336][131.22043505][130.97775261][133.00436798][132.8000497][133.29204368][133.67843399][130.86103586][128.92783233][126.9343297][127.31881473][125.98092561][123.71150469][122.34031062][122.94977851][123.00610132][121.75893549][120.51809127][120.04949229][120.68509851][120.83921555][118.99919911][119.33796998][120.55633292][122.07512124][121.73750591][121.28463204][119.73489861][118.61018372][116.86192675][116.61060535][117.75006193][117.97945386][117.13516046][117.85128586][119.36241786][118.90207259][120.41950003][120.56341203][118.76021767][119.72669414][121.14603123][121.63679713][126.35534603][127.66723678][129.8363148][131.84511656][131.39557256][130.03086755][129.44923434][127.48695585][124.76535623][123.76956367][120.57590146][120.48949273][121.21739355][120.9960287][118.82980432][117.60730953][116.76239402][115.77908936][110.87531141][105.38921429][104.41199242][100.94868808][100.49733572][100.76688638][102.09774175][104.53488461][103.78412671][103.79045676][103.84110767][104.47079999][106.58577764][108.43503172][109.18535154][117.52705109][118.07919922][117.48660658][116.63973828][119.39219977][122.23749635][125.46814222][128.19406628][125.99630546][124.49356404][124.79157166][124.53489947][123.12078867][122.06824162][124.09938045][123.79829757][123.17328996][123.86850797][124.14426067][125.17643673][126.06751409][127.33152893][126.6486286][126.38214647][127.35101948][128.73320186][130.40128849][130.93533071][130.36374478][129.93250737][137.11464643][135.978026][136.56816698][136.96127296][136.46562828][136.47411457][135.6988139][136.60905903][136.02921118][135.63368065][133.90246025][132.34051837][133.1178693][133.98421209][135.50356406][134.9201351][133.23894288][133.34370205][135.72407827][135.88078535][135.99091079][136.84686771][138.04674244][137.06446566][137.4927806][139.78206152][141.76926758][144.52243064][143.71501306][142.57880913][140.97227865][141.50157548][143.24728836][143.72113135][143.88047989][144.87237981][143.83193963][141.89184049][141.25617387][141.46818823][141.06537504][142.04974804][140.81803708][138.39918917][137.56039052][138.14629711][139.84266762][140.26061448][140.37627566][141.63615893][141.25639264][139.73311683][141.26052601][141.34091881][140.00315629][139.98937508][139.76498151][141.08413416][141.02171788][139.04720949][138.49852997][136.40885393][138.57028762][133.27771554][129.02452892][127.42157034][128.51469236][123.74912098][119.29340768][117.44906048][117.74137966][117.94400119][117.53170938][117.95251401][116.68497628][116.35057564][115.44868877][113.25201368][111.77785741][112.21015508][111.95925859][111.26933997][110.22469635][109.57077625][109.92856209][110.45089856][109.87031206][109.97304077][111.17829675][111.04930325][112.68805501][112.97478994][110.70595919][110.17685682][115.49657101][114.87268377][114.32160288][115.02234678][114.79196308][116.22497972][118.24273399][116.84289501][118.13493063][119.2479124][119.09289237][119.80991705][120.06687544][121.08065299][120.81325796][123.36764536][125.30670556][124.68283556][123.55932305][121.90155651][121.68095767][121.88258724][122.44660308][123.1724049][124.44587063][124.3409291][121.92227151][121.36740971][123.05302267][124.94161196][126.46243726][125.57714912][126.98438577][127.17416746][125.20518947][121.67486417][119.15823884][117.788394][116.89605838][114.51048369][117.38988331][115.39281951][110.8589394][114.5909313][115.38561142][120.40557082][123.70095106][122.22564719][120.47522063][119.33243935][117.49841044][118.44081185][121.15708519][120.76206123][119.37461011][116.81134125][117.61807956][119.376818][119.85885047][118.72648229][120.34009951][124.32277861][126.47254171][125.23863046][122.75500149][133.00005805][128.13589777][124.40216262][122.21931321][119.88886013][117.10837064][114.21479706][113.09976372][112.27446983][111.80056359][112.95947258][111.33010726][109.90093622][111.16920554][112.37119983][110.78332131][112.06641917][114.09392457][113.32496036][113.0828911][113.29700753][112.70118936][113.66352173][114.37367491][113.50900974][111.77055053][110.29799744][109.63231473][108.16138788][119.650828][121.48382299][121.03998696][118.72153918][117.38095416][115.65554731][116.773963][118.55160179][118.70292065][117.18774723][117.49157959][119.08605389][122.17625404][122.17453151][121.86509459][121.55358933][121.5197543][121.0809759][119.9700255][119.10274645][118.64197183][118.26049532][117.3077635][117.38277287][117.05552017][118.97899058][120.16485399][120.39708996][120.66522854][120.64918855][119.05288466][118.26619933][118.11333079][119.0246459][120.20410622][121.3664091][120.10966949][120.99372769][123.88191019][125.2193388][126.98184807][126.05381453][124.39615656][123.00728549][122.47761465][123.94305515][124.70095069][126.0973449][127.50442916][130.57147668][131.69486193][131.11362626][130.64191276][132.5712463][134.51701459][134.78875764][134.94877867][134.70600085][134.30408979][134.22851486][133.937231][134.9681453][135.5491913][136.42940991][134.06907673][131.05995057][132.04364872][132.16187705][128.94537406][125.99459812][123.44451099][122.76120482][121.84673575][121.14443708][119.85820635][119.53505505][120.08931101][118.26365189][117.7987715][117.42472561][118.26020755][117.39501543][118.0370442][117.93651864][118.06368813][120.12348426][121.24910184][122.44515693][122.99051556][122.9860263][121.04512085][120.43672186][119.84658893][117.74836637][118.6293772][118.27513885][118.61743784][119.56134957][119.34658022][118.7745047][120.33203376][122.12371845][124.04219612][124.15366546][129.13189791][128.88176926][134.13868733][136.21930313][137.88346095][137.37385539][135.70533212][135.77930746][134.534403][132.60615269][130.24099525][130.18689988][127.51110332][122.71364095][122.60626411][122.17258911][125.93666644][128.16450236][127.8849407][126.89112741][125.72724625][123.13763746][157.97901905][117.50512401][117.05068502][116.72120367][114.59603832][114.89809015][117.76105873][122.27219646][123.6321989][123.9360278][126.30088077][127.2105507][125.35781638][122.05941737][120.59886107][119.30917069][118.93808329][119.75884439][118.1668976][117.29292739][118.94600829][119.14953785][120.20670745][120.43201276][122.25658417][123.57983296][123.66866912][125.13064929][125.59225032][121.19872952][119.26096895][116.1969861][116.68435587][118.23110376][116.70353591][112.25321601][112.16648546][110.31681728][107.30002145][104.70425935][101.6411416][97.26795964][99.37019715][99.80254142][100.6734447][100.74404529][100.05302546][103.47308033][106.78481931][109.01955865][110.58630506][111.17302076][111.74245079][112.27681437][110.63974752][111.77363334][113.56177011][114.86747009][117.35606061][115.77199646][117.35728509][118.26918897][120.95539386][120.06820146][120.01858921][121.12897356][122.64052099][125.56134588][126.82964208][123.7182829][122.41743235][119.96158838][119.85027927][121.01461767][123.47352921][116.4247468][125.45800452][127.71643236][128.57536679][129.05248177][128.5994064][128.67251311][131.55766879][132.48144402][133.87369533][134.93792051][135.0096559][136.20492921][134.6975625][132.6310749][129.59189803][127.82471334][130.39879432][132.97374458][134.84085288][134.60985522][134.88870763][134.25000719][132.77621392][131.97372397][132.2246128][132.14168178][130.91528222][134.53961792][135.11901548][133.56958674][134.10782874][135.33392091][136.73731828][138.45316555][139.05098947][139.35919184][139.16134628][137.64848676][138.86473505][138.6236845][136.68703992][136.17168778][137.00546839][132.75790452][126.66930307][127.83196598][130.72400298][336.87694439][181.35762742][134.79236509][158.70690147][156.33109573][134.54718962][133.13417558][134.729448][135.09014227][134.40924656]
 Actual Values: 
 [68.08] [66.77] [66.39] [66.52] [68.72] [67.67] [68.24] [69.6] [66.77] [67.84] [67.41] [68.0] [66.04] [66.55] [66.73] [65.24] [66.02] [65.7] [63.86] [64.69] [63.81] [64.37] [66.81] [66.9] [66.26] [64.3] [63.21] [64.31] [66.0] [64.23] [65.916] [67.47] [67.26] [68.51] [69.35] [68.1] [65.28] [64.99] [64.32] [64.54] [65.1] [65.13] [63.44] [63.25] [64.17] [66.84] [68.16] [68.93] [67.65] [67.49] [69.24] [71.5] [69.97] [71.46] [72.53] [70.38] [70.95] [72.5] [75.3] [75.0] [74.75] [73.89] [74.09] [75.38] [77.33] [77.19] [75.61] [73.84] [74.32] [74.1] [74.94] [74.41] [74.51] [75.53] [76.95] [77.35] [80.3499] [78.75] [79.87] [78.86] [79.0] [81.39] [83.95] [84.0] [83.31] [83.04] [82.5] [81.27] [81.53] [85.2] [86.0] [84.0] [83.82999999999998] [84.63] [84.13] [84.31] [84.77] [83.9] [83.3] [84.04000000000002] [84.9] [85.26] [89.13] [89.32] [89.16] [89.08] [89.32] [89.54] [90.25] [92.54999999999998] [94.1] [92.45] [93.99] [92.97] [89.23] [91.94999999999999] [93.0] [92.75] [93.35] [92.18] [92.57] [92.11] [89.85] [90.19] [89.4] [89.41] [88.86] [89.52] [90.34] [91.52] [90.81] [93.57] [89.37] [90.73999999999998] [89.37] [90.67] [90.7] [91.0] [92.53] [90.4] [85.32] [85.62] [85.15] [84.62] [85.94] [85.96] [86.13] [86.79] [86.8] [84.58] [84.86000000000001] [91.8] [90.58] [90.86000000000001] [93.04] [92.78] [91.7] [91.57] [88.59] [87.5] [88.48] [90.23] [91.76] [90.26000000000002] [92.7] [90.96] [93.63] [91.9] [93.1] [93.23] [95.32] [99.19999999999999] [98.15] [94.8] [95.48999999999998] [96.03] [97.47] [98.57] [98.65] [100.0] [104.25] [103.88] [103.23] [101.03] [101.22] [98.11] [96.02] [97.37] [96.87] [98.13] [98.8] [100.32] [100.7] [97.71] [98.83] [103.56] [105.36] [106.14] [108.68] [104.44] [105.56] [101.55] [104.4] [107.14] [105.42] [105.28] [104.48] [103.48] [103.54] [104.37] [103.75] [105.14] [103.82] [102.2] [101.78] [101.3] [103.87] [103.76] [106.55] [106.67] [107.78] [105.75] [106.53] [106.76] [108.6] [107.79] [109.63] [110.72] [109.86] [110.17] [108.97] [110.64] [110.54] [111.83] [113.59] [113.89] [113.5] [114.18] [113.54] [113.92] [112.09] [113.5] [114.52] [116.54] [116.97] [118.25] [118.44] [118.0] [114.93] [110.06] [112.22] [112.06] [112.0] [111.75] [111.42] [116.405] [113.68] [107.0] [101.6] [101.09] [94.32] [96.26000000000002] [95.37] [90.43] [93.16] [89.0] [90.46] [89.75] [87.51] [88.35] [90.92] [91.934] [92.14] [89.26999999999998] [88.26] [92.0] [92.09] [94.03] [94.3] [94.13] [93.68] [93.71000000000001] [96.44] [96.11] [96.24] [95.47] [95.42] [94.18] [93.78] [91.74] [93.08] [95.5] [94.61] [94.1] [93.78] [95.44] [96.0] [95.56] [95.08] [94.0] [95.09] [93.72] [92.95] [92.22] [96.15] [99.34] [98.54] [97.2099] [97.29999999999998] [97.67] [100.68] [102.6] [100.14] [98.68] [98.07999999999998] [98.24] [97.38999999999999] [97.42] [97.46] [93.65] [94.9] [95.18] [94.32] [94.76] [94.73] [94.75] [96.1] [95.99] [94.93] [94.08] [93.11000000000001] [93.66] [92.34] [90.12] [94.52] [87.93] [82.77] [84.44] [84.38] [87.28] [87.19] [86.41] [85.31] [86.24000000000001] [86.74] [86.69] [90.17000000000002] [91.21000000000001] [92.7] [92.69] [90.8] [91.58] [91.71] [91.64000000000001] [91.41] [92.41] [93.58] [93.51] [92.99] [92.785] [93.54000000000002] [92.8] [91.14] [91.69] [91.07] [96.18] [98.68] [97.98] [98.05] [98.99] [97.36] [98.48] [100.21] [100.43] [99.71] [97.38] [95.84] [94.72] [92.29000000000002] [92.61] [90.79] [91.44] [92.65] [98.67] [99.55] [98.16] [98.0] [96.38] [97.67] [98.25] [97.25] [96.28] [96.73999999999998] [98.52] [103.61] [104.86] [107.87] [104.84] [102.57] [102.79] [100.52] [103.0] [99.74] [98.83] [100.5] [100.21] [99.58] [100.37] [97.89] [95.44] [92.5] [90.59] [93.59] [94.66] [90.7301] [93.84] [91.31] [92.95] [93.13] [91.47] [93.79] [90.17000000000002] [89.17] [88.01999999999998] [88.7] [89.41] [93.67000000000002] [93.14] [93.73] [95.44] [94.5] [96.31] [97.0] [95.08] [95.75] [101.19] [101.41] [115.0] [108.38] [107.13] [108.9] [113.58] [113.5] [112.75] [109.5] [107.87] [107.88] [110.7] [110.86] [115.64] [117.55] [117.0] [116.87] [116.06] [114.32] [114.93] [114.78] [112.07] [109.74] [110.2] [108.87] [105.45] [104.52] [103.02] [104.47] [105.08] [107.0] [106.01] [106.16] [105.97] [107.31] [109.67] [109.34] [110.65] [112.65] [113.05] [111.84] [112.92] [113.91] [114.71] [114.33] [115.0] [113.83] [114.2] [116.07] [114.22] [113.94] [112.54] [113.85] [113.63] [114.84] [115.32] [116.8] [117.09] [116.24] [113.85] [115.0] [114.24] [108.71] [106.94] [108.0] [107.91] [106.84] [109.27] [110.75] [111.04] [108.45] [106.27] [107.39] [111.22] [118.1] [123.93] [124.24] [124.2] [125.0] [124.06] [123.76] [122.61] [120.0] [117.0] [114.54] [118.2] [115.54] [115.45] [116.94] [119.85] [124.52000000000001] [120.36] [118.99] [119.69] [121.97] [123.66] [122.26] [122.99] [121.67] [124.58] [122.42] [121.04] [122.19] [124.1] [127.14] [125.7] [124.55] [120.99] [124.33] [124.14] [123.31] [123.51] [129.24] [131.48] [131.38] [130.81] [132.0] [133.47] [131.72] [133.06] [132.45999999999998] [133.0] [131.66] [130.51] [133.67] [134.12] [135.51] [135.59] [131.35] [137.73] [137.04] [139.38] [141.29] [140.64] [139.35000000000002] [137.22] [133.38] [129.14] [131.51] [155.06] [155.88] [158.385] [153.63] [157.38] [154.33] [155.55] [165.0] [170.75] [174.71000000000004] [174.23000000000002] [180.06] [182.85000000000002] [181.62] [180.5] [178.49] [185.06] [183.91000000000003] [182.22000000000003] [182.27000000000004] [184.45] [174.77000000000004] [176.49] [173.05] [173.27000000000004] [169.86] [171.98000000000002] [179.77000000000004] [174.69] [178.73000000000002] [173.36] [177.5] [178.51] [180.85000000000002] [175.71000000000004] [174.85000000000002] [159.67] [149.77] [154.74] [151.79000000000002] [152.0] [150.54] [153.21] [156.2] [153.09000000000003] [153.12] [141.2] [146.52000000000004] [148.25] [155.24] [141.95] [141.21] [142.07] [147.17] [149.27] [150.25] [152.72] [155.97] [158.35000000000002] [155.9] [152.31] [153.07] [159.64] [157.56] [161.08] [153.74] [157.02] [156.93] [153.04] [151.70999999999998] [153.14] [160.89] [160.85] [159.28] [157.87] [156.79] [158.96000000000004] [156.68] [156.53] [160.91] [163.8] [168.49] [168.12] [168.02000000000004] [163.95] [166.2] [168.12] [169.85000000000002] [172.45] [170.02000000000004] [167.2] [165.7] [167.23000000000002] [166.1] [163.87] [162.49] [159.86] [160.91] [160.49] [164.9] [161.09] [159.0] [160.01] [159.52] [157.57] [157.81] [162.12] [164.79] [164.39] [159.98] [159.65999999999997] [161.62] [162.75] [164.32] [164.33] [161.13] [157.66000000000003] [156.46000000000004] [160.17000000000002] [164.26] [168.65000000000003] [171.43] [166.64] [167.2] [164.12] [165.65] [161.03000000000003] [158.62] [159.35] [156.97999999999996] [155.91] [159.05] [156.83] [160.04] [160.99] [161.56] [164.29] [169.5] [173.0] [170.67000000000002] [168.45] [169.51] [167.37] [169.81] [170.39] [172.33000000000004] [168.59000000000003] [169.58000000000004] [169.99] [170.44] [170.87] [165.93] [164.7] [163.32] [161.02] [164.87] [166.59000000000003] [162.02] [160.03] [164.31] [161.83] [162.8] [160.68] [159.39999999999998] [158.67] [167.60000000000002] [165.98] [165.76] [168.0] [166.86] [167.23000000000002] [169.63] [178.67000000000002] [172.99] [167.71000000000004] [175.41000000000003] [170.65000000000003] [167.67000000000002] [163.74] [157.84999999999997] [155.5] [164.85] [164.49] [169.92000000000002] [175.0] [179.74] [185.5] [189.74] [192.65000000000003] [192.40000000000003] [190.21000000000004] [197.23000000000002] [192.01] [191.40000000000003] [193.01] [191.42000000000002] [194.49] [194.55] [195.32] [194.71000000000004] [194.3] [193.64] [188.60000000000002] [187.25] [190.37] [190.90000000000003] [194.98000000000002] [192.55] [194.08000000000004] [193.28000000000003] [195.47000000000003] [194.65000000000003] [193.07] [201.25] [196.25] [197.74] [198.42000000000002] [194.57] [197.60000000000002] [194.06] [188.51] [188.06] [181.36] [178.78000000000003] [185.89] [189.04000000000002] [189.33000000000004] [189.24] [179.35000000000002] [182.8] [188.11] [187.45] [185.81] [186.64] [181.3] [183.66000000000003] [181.26] [183.34000000000003] [181.67000000000002] [185.32] [185.96000000000004] [177.83000000000004] [176.22000000000003] [172.28000000000003] [181.75] [181.96000000000004] [180.58000000000004] [180.53000000000003] [182.96000000000004] [179.7] [181.42000000000002] [172.58000000000004] [186.81] [184.01] [178.67000000000002] [174.38] [178.96000000000004] [178.78000000000003] [178.09000000000003] [171.15000000000003] [176.48000000000002] [175.35000000000002] [176.64] [181.51] [178.46000000000004] [180.04000000000002] [182.63] [186.3] [184.3] [182.33000000000004] [185.7] [183.08000000000004] [180.34000000000003] [184.01] [180.7] [182.81] [184.61] [182.28000000000003] [183.48000000000002] [181.29000000000002] [180.2] [176.98000000000002] [178.40000000000003] [178.09000000000003] [183.92000000000002] [189.04000000000002] [190.99] [186.34000000000003] [184.99] [183.54000000000002] [174.08000000000004] [175.62] [182.78000000000003] [180.0] [172.3] [169.15000000000003] [168.60000000000002] [171.19] [176.06] [178.33000000000004] [178.08000000000004] [182.5] [182.8] [183.74] [183.65000000000003] [182.0] [182.85000000000002] [186.39] [187.56] [185.60000000000002] [183.04000000000002] [181.57] [174.92000000000002] [171.47000000000003] [172.99] [170.66000000000003] [172.66000000000003] [171.21000000000004] [159.73] [156.77] [164.09] [163.52] [161.01] [161.18] [160.33] [162.23] [160.34999999999997] [162.92] [162.4] [163.9] [167.69] [171.8] [166.84000000000003] [167.22000000000003] [165.59] [165.3] [163.58] [164.65] [160.0] [159.48000000000002] [159.87] [159.07] [160.34999999999997] [170.0] [167.32] [169.95] [172.40000000000003] [177.45] [180.95] [184.92000000000002] [185.0] [188.21000000000004] [186.14] [184.01] [186.83000000000004] [183.25] [180.5] [182.59000000000003] [184.0] [183.40000000000003] [187.05] [186.65000000000003] [187.92000000000002] [190.0] [193.41000000000003] [199.36] [206.01] [204.67000000000002] [204.61] [205.54000000000002] [203.60000000000002] [204.40000000000003] [206.66000000000003] [205.11] [200.53000000000003] [200.22000000000003] [204.44] [200.41000000000003] [200.0] [196.88] [196.52000000000004] [199.48000000000002] [197.73000000000002] [190.01] [191.5] [189.34000000000003] [185.13] [190.09000000000003] [187.60000000000002] [186.75] [191.2] [185.62] [184.25] [176.0] [164.28] [171.82] [170.72000000000003] [175.32] [178.40000000000003] [178.02000000000004] [168.62] [173.64] [177.95] [170.01] [175.31] [179.55] [169.15000000000003] [171.22000000000003] [170.56] [169.84000000000003] [169.07] [168.60000000000002] [166.11] [167.59000000000003] [158.04] [159.65000000000003] [157.87] [159.91999999999996] [148.82] [145.63] [150.72] [155.92] [158.53999999999996] [167.28000000000003] [162.43] [161.4] [163.91] [164.12] [162.11] [159.69] [153.84] [152.12] [161.96] [160.05] [161.46999999999997] [161.09] [160.08999999999997] [168.24] [172.01] [169.19] [176.0] [174.55] [176.36] [177.24] [179.85000000000002] [177.48000000000002] [175.54000000000002] [172.47000000000003] [171.63] [173.36] [172.90000000000003] [169.53000000000003] [166.17] [166.87] [168.76] [171.84000000000003] [176.5] [176.53000000000003] [173.21000000000004] [174.5] [177.88] [182.32] [181.99] [179.96000000000004] [179.74] [176.46000000000004] [169.16000000000003] [177.0] [183.82] [186.75] [183.60000000000002] [182.65000000000003] [187.81] [188.46000000000004] [188.28000000000003] [189.72000000000003] [184.61] [183.79000000000002] [186.19] [188.82] [187.96000000000004] [188.16000000000003] [190.09000000000003] [191.76] [190.18] [187.01] [185.36] [183.72000000000003] [180.51] [175.01] [169.60000000000002] [162.99] [166.61] [158.39] [156.27] [162.59000000000003] [153.9] [159.68] [158.69] [158.65] [155.12] [152.96] [151.96000000000004] [147.68] [144.18] [141.64] [132.5] [143.81] [146.2] [138.02] [136.97] [138.2] [134.52000000000004] [136.91] [143.1] [143.93] [148.51999999999998] [142.28] [147.79] [144.22] [140.65999999999997] [142.09] [141.4] [138.91] [142.46999999999997] [149.55] [150.75] [146.49] [143.15999999999997] [147.15] [141.62] [141.73] [138.22] [139.15] [133.75] [134.44] [130.56] [128.58] [128.38] [129.91] [134.95999999999998] [132.88] [133.95] [131.61] [135.88] [135.32] [135.87] [143.48] [145.98] [148.29] [154.97] [150.0] [150.0] [148.49] [154.59] [153.55] [155.13] [153.76] [155.93] [156.24] [157.07] [161.03999999999996] [158.86] [158.08] [154.47000000000003] [142.99] [141.88] [140.07] [141.71] [143.7] [142.16] [141.32] [141.59] [144.75] [145.72] [139.58] [138.65] [139.19] [143.81] [139.7] [140.9] [139.29] [142.42] [143.93] [146.73] [148.97] [148.2] [151.07] [150.87] [152.69] [156.0] [154.02] [139.96999999999997] [138.14] [138.26] [136.7] [135.72] [133.19] [131.67000000000002] [128.74] [126.98000000000002] [128.33] [124.57] [123.92] [123.08] [117.5] [113.63] [113.0] [115.8] [114.1] [116.68] [117.35] [117.27] [122.2] [124.63000000000001] [126.03] [125.98] [126.36999999999999] [125.0] [126.36999999999999] [125.62] [125.0] [124.15000000000002] [128.24] [127.74] [125.71] [126.77000000000001] [126.62999999999998] [134.0] [130.41] [128.87] [133.54] [133.22999999999996] [138.18] [135.84] [137.14] [135.55] [135.31] [132.86] [132.94] [134.18] [135.36] [134.34999999999997] [132.72] [132.03] [133.72] [137.22] [137.07] [132.19] [130.0] [129.59000000000003] [127.77] [127.77] [125.9] [126.29000000000002] [123.79000000000002] [125.6] [124.97] [128.32] [124.2] [127.84] [126.91] [126.98999999999998] [129.99] [131.6] [132.47] [132.26] [131.09] [131.6] [127.22] [124.25] [127.45] [124.22999999999999] [120.11] [122.41] [122.41] [123.78] [124.61] [123.51] [125.95] [125.24] [122.04] [117.72] [120.28] [118.63] [121.56] [121.11] [120.31] [121.96] [121.35] [121.79] [121.55] [126.16] [132.69] [135.37] [130.57] [131.02] [128.93] [137.01] [130.57] [119.79] [125.49] [126.25] [125.76] [115.1] [118.85] [119.88] [122.35] [122.49] [119.93] [118.44] [115.46] [118.84] [118.48] [121.0] [125.56] [122.77999999999999] [122.5] [124.09] [124.69] [122.71000000000001] [125.45] [126.25999999999999] [118.61] [113.61] [109.42] [113.66] [118.15] [119.76] [115.14] [117.2] [119.75] [125.75000000000001] [127.19] [125.98] [123.52] [123.62] [123.19] [123.6] [133.0] [139.98] [143.7] [144.99] [143.04] [137.85] [137.02999999999997] [136.19] [136.25] [135.45] [135.18] [132.23] [131.58999999999997] [130.61] [130.05] [128.81] [128.21000000000004] [128.01] [128.5] [130.86] [129.11] [125.69] [128.09] [127.12] [126.21] [127.49] [127.22] [128.21999999999997] [129.06] [137.71000000000004] [130.0] [129.71] [129.38] [130.51] [131.37] [131.2] [131.71] [132.5] [133.8] [132.4] [134.86] [132.37] [129.59999999999997] [127.41] [127.52999999999999] [126.94] [124.67] [121.74] [122.14] [123.07000000000001] [122.18] [120.89] [118.72] [119.79] [120.94] [117.67] [118.64] [118.53] [120.7] [121.49] [121.52] [119.35] [118.17] [116.3] [115.78] [115.92] [117.05] [117.09] [114.76] [118.35] [118.07] [118.75] [121.0] [118.64] [117.99] [120.02] [120.6] [125.0] [127.67000000000002] [128.0] [130.91] [133.04] [130.5] [130.63] [129.12] [124.1] [124.99] [120.6] [119.0] [120.5] [120.75] [119.28] [116.44] [117.16] [113.95] [111.41] [104.5] [104.36] [98.76999999999998] [98.04] [98.28] [97.87] [101.24] [101.53] [101.51] [101.5] [100.57] [103.09] [105.51] [106.25] [114.59] [116.5] [118.02] [114.51] [117.0] [118.94] [124.00999999999999] [129.84] [126.59] [125.2] [122.35] [125.55] [123.75] [121.83] [121.15] [124.21] [122.31] [123.56] [123.51] [124.97] [124.59999999999998] [127.7] [126.54] [126.11] [126.65] [127.91] [129.42000000000002] [132.03] [131.75] [128.89] [139.0] [134.63] [137.74] [138.32999999999998] [136.9] [138.13] [136.95] [136.33000000000004] [137.78] [135.96] [136.02] [132.68] [133.64] [134.01] [135.92] [135.88] [134.28] [133.55] [133.85] [137.83] [135.90999999999997] [138.0] [138.54] [137.95] [137.95] [138.82] [142.0] [145.81] [145.12] [144.75] [143.1] [143.0] [145.8] [144.11] [146.3] [147.06] [146.98] [143.9] [142.66] [142.99] [142.43] [143.11] [143.84999999999997] [139.70999999999998] [139.14] [137.95] [140.0] [141.73] [141.3] [141.93] [143.75] [141.4] [141.34000000000003] [144.07] [141.34999999999997] [141.29] [140.9] [140.44] [143.4] [140.04000000000002] [140.48000000000002] [138.48] [141.31] [134.18] [130.85] [125.35] [127.78000000000002] [125.54] [119.97] [117.33] [115.31] [117.26] [115.71] [117.96] [114.52] [115.49] [115.02] [113.08] [110.1] [111.18] [110.15] [110.52] [109.08] [108.25] [107.87] [108.64] [108.5] [107.84] [108.01] [109.31] [109.71] [112.75] [108.97] [109.64] [113.15] [114.05] [111.86] [113.94] [114.01] [114.07] [118.16] [115.78] [115.72] [118.32] [117.95] [119.13] [119.34] [121.0] [120.76] [121.63] [125.15] [125.82] [123.91] [122.64] [120.5] [121.7] [121.5] [122.99999999999999] [122.99999999999999] [125.54] [122.43] [120.6] [121.24] [123.42999999999999] [126.03999999999999] [125.88] [125.57] [127.33] [126.18999999999998] [122.34] [118.45] [117.42] [117.26] [110.65] [113.95] [116.31] [109.06] [109.56] [114.28] [113.17] [123.07000000000001] [122.56999999999998] [119.46] [119.43] [117.74] [115.78] [119.98] [120.72] [118.61] [116.06] [114.71] [116.76] [119.78] [117.64] [119.3] [121.39] [125.51] [127.26] [122.08] [137.09] [128.07] [125.38] [122.88] [120.14] [117.07] [114.16] [112.08] [112.41] [109.2] [110.92] [110.41] [108.93] [106.15] [111.93] [108.42] [109.93] [112.13] [112.47] [111.61] [112.33] [112.39] [110.0] [113.61] [112.4] [111.85] [108.51] [108.68] [106.22] [113.0] [120.64] [122.03] [116.91] [117.49] [114.45] [113.77] [116.96] [119.81] [115.01] [116.97] [116.19] [119.71] [121.51] [121.68] [120.86] [121.12] [121.5] [119.59] [118.07] [118.28] [117.17] [116.52] [116.43] [116.25] [117.02] [118.99] [120.2] [119.59] [120.74] [118.53] [118.12] [116.45] [117.58] [118.83] [120.0] [120.05] [117.72] [122.39] [124.15000000000002] [125.71] [126.89] [125.05] [122.66999999999999] [121.8] [122.48] [124.17] [126.46] [126.83] [129.1] [132.93] [131.64] [131.11] [131.76999999999998] [134.48] [136.27] [133.94] [135.83] [135.17] [134.93] [135.16] [135.68] [135.43] [137.86] [136.61] [131.44] [132.22] [132.33] [130.97] [126.98999999999998] [123.18] [122.24] [122.23] [121.1] [119.54] [118.96] [118.86] [118.9] [115.97] [117.07] [118.47] [116.01] [116.52] [117.31] [117.01] [118.28] [120.32] [120.48] [122.73] [122.74] [121.33] [119.36] [119.92] [116.85] [118.0] [117.6] [117.6] [118.6] [119.13] [118.35] [118.19] [120.79] [122.69] [125.09] [130.03000000000003] [128.67] [132.47] [135.3] [138.15999999999997] [139.14] [137.0] [136.16999999999996] [136.56] [133.61] [131.03] [129.66] [129.56] [124.00999999999999] [122.56999999999998] [121.02] [122.63] [127.31999999999998] [129.08999999999997] [126.74] [126.79] [121.96] [125.76] [114.05] [114.06] [117.67] [112.43] [114.87] [111.83] [120.36] [123.63] [123.26] [124.69] [127.08] [126.53] [123.52] [120.16] [119.64] [115.73] [119.29] [118.86] [114.06] [117.47] [117.5] [119.9] [118.25] [120.55] [122.4] [123.67] [123.2] [125.66] [120.63] [119.83] [115.65] [115.96] [117.24] [117.27] [111.59] [109.36] [110.13] [106.39] [102.07] [101.19] [93.23] [94.95] [95.83000000000001] [98.52] [98.06] [95.84] [100.15] [101.88] [105.65] [108.65] [108.99] [109.15] [110.68] [110.02] [108.17] [111.89] [111.62] [115.7] [115.28] [115.14] [117.25] [118.98] [119.87] [119.32] [119.62] [121.41] [124.44] [128.67] [123.39] [122.72] [119.57] [118.03] [120.76] [121.7] [125.0] [124.73] [125.435] [128.47999999999996] [128.51] [129.63] [127.93] [130.5] [131.84999999999997] [132.49] [135.58] [132.89] [138.0] [136.15] [134.57] [131.18] [127.26] [128.97] [132.55] [135.21999999999997] [135.87] [135.31] [136.04] [133.57] [133.2] [130.46999999999997] [133.86] [130.29000000000002] [133.14999999999998] [136.71] [134.65] [134.5] [136.58] [135.58] [139.66] [140.07] [139.96999999999997] [141.21] [139.17] [138.02] [141.38] [138.40000000000003] [136.87] [138.15000000000003] [137.32] [126.66000000000001] [126.48] [128.68] [132.0] [131.0] [136.0] [134.52000000000004] [135.19] [135.86] [133.71] [134.0] [134.23] [135.43] [134.42] 
 ---------