Company Name: Advanced Micro Devices Inc 
Ticker Symbol: AMD 
sentiment1: Trade Truce Helps Lift Wynn’s Stock 
 Trump-Xi Thaw Helps Lift Casino Giant’s Fortunes 
 published on 2019-01-03 
---sentiment2: US Stocks Turn Higher as Anxious Investors Eye Trade Talks 
 published on: 2018-08-24 
---sentiment3: China Warnings From Caterpillar and Nvidia Hit U.S. Stocks 
 China Strife Spurs Warnings and Declines 
 published on 2019-05-02 
---sentiment4: China’s Technology Ambitions Could Upset the Global Trade Order 
 China vs. the World 
 published on 2019-04-25 
---sentiment5: A Grim Preview of a Trade War Takes Shape 
 published on: 2019-02-05 
---
Current Value: 26.41 
Prediction: Increase 
Perecent_correct: 0.5396825396825397 
Predicted Values: 
 [7.68133604][7.61321444][7.65178686][7.6155563][7.24398442][7.02935827][6.91613557][7.20606474][7.31380727][7.18650604][6.93361978][6.93406473][7.10101719][7.25427387][7.87005138][8.8110653][9.2644925][9.56743603][9.4809289][9.32503079][9.36210591][9.3805947][9.61632783][9.57580814][9.30611043][9.04939814][9.21270111][9.91026666][10.30827109][11.02058541][11.15757821][11.43846503][11.4691893][11.33024922][11.6129479][11.74475275][11.72213514][12.26707409][12.48737481][12.56321357][12.36841414][12.86423755][13.02791844][12.35695218][12.49364535][12.37467798][12.33837992][12.32046951][12.22477409][12.37509199][12.42019787][12.18720561][11.72740535][11.5252982][10.76555365][10.50307244][10.65946295][10.53017524][10.55266699][11.01524041][11.4570354][11.25920127][11.43660954][11.40283367][11.29981179][12.59951709][13.28215315][13.35519654][14.36172601][15.04092479][14.63626006][14.84917923][14.92953916][14.86781909][14.508977][14.41913907][14.27870648][14.08921703][15.00860736][15.59842751][15.55763245][15.35791696][16.25131456][16.48689531][16.36956136][15.66534977][14.49933611][14.20749503][14.24874999][14.44781531][14.52860167][14.94567528][15.73246587][15.28780793][15.2201577][14.93725536][14.76048387][15.41043213][15.45652344][15.17463208][15.14311709][15.20618591][14.75364922][14.93011762][14.93766937][15.13008361][15.71810624][15.93748465][15.61875746][15.60024284][14.49800744][14.64051161][14.51846838][14.21962054][13.98957949][13.51561679][13.73615976][13.89754569][14.11718286][14.15691888][14.14154576][14.2882747][14.5399728][14.57727739][14.72383615][14.73665259][14.69811781][12.10745307][11.19418769][11.13358247][10.90301495][10.86489478][10.91667374][11.47378409][11.83715406][12.13480422][12.3487101][13.38162719][12.66896796][12.09629778][12.37486825][12.21516571][11.78158919][11.81176941][11.8127351][11.76369893][11.93917678][12.17504759][11.98702353][11.73358372][11.96929868][12.76436577][13.59661697][13.92428134][13.97655582][13.00881234][13.2256551][12.83654769][12.34555523][12.53517663][12.81783707][13.59827968][14.94902806][15.5612281][15.56222212][15.55220391][14.88909465][14.65765227][13.99201822][13.64369344][13.48072416][13.97566733][14.16986153][14.58239293][14.9305517][15.10234211][15.51279524][15.31918739][14.93441028][15.17334991][14.55501033][14.78343457][14.93040063][15.05373906][15.41730599][15.46349517][16.51766833][15.99592867][15.15547303][15.16004836][14.92645026][14.85606742][14.50857638][14.32089462][14.56567105][14.49250719][13.8712948][13.58809858][13.18646347][13.76191729][14.13013638][14.05968757][13.48251116][13.4496025][13.27198961][13.20182895][13.32211195][13.65252544][13.50640746][13.43010212][13.06361744][13.51790384][14.05815621][14.36525281][14.05753855][14.05066278][13.84334296][13.47488674][13.59590501][13.55368341][13.23952172][13.26515496][13.50599442][14.12133115][14.31403893][14.67066698][15.05694139][14.40444288][14.11528399][13.77458936][13.78802285][13.81849853][13.81874808][13.82578734][14.30242781][14.48650628][14.50969314][14.38153808][14.65008904][14.89690682][14.99049241][15.35030019][15.54995545][15.51680393][15.47478025][15.39954576][15.13342875][15.16615288][15.27986895][15.49779022][13.8398942][13.28270293][13.01284589][12.02325821][11.83246842][11.93729703][11.70284511][11.88774012][12.96148859][12.95096524][12.78817411][12.08174501][12.15337141][11.98875125][11.96568296][11.89124971][12.07517902][12.34702254][12.30767793][12.30441788][12.28917001][12.25595921][12.42346557][12.24612805][11.84055083][11.73284176][11.62696046][11.33387798][10.73476341][10.66641461][10.79747334][10.79288783][10.79443867][10.74799803][10.79368333][10.83568024][10.96331038][11.65438739][11.86362008][11.90914666][11.79245263][11.45816715][11.21780838][11.33014404][11.34632414][11.22100174][11.59382998][12.67228572][13.1798323][13.04671355][13.16120504][12.87860388][12.84033456][13.08987407][12.90557091][12.99802541][13.04104155][13.43762901][13.70036742][13.69074409][13.97458374][13.98226391][13.73655525][13.9166053][14.41140374][14.16202008][14.7531702][14.70542157][13.89780254][12.86062339][12.34854087][12.63718692][12.48100735][12.34465456][12.54427922][12.63892134][13.02487484][13.39331414][12.99541966][12.91193419][12.92236354][12.80916348][13.00680578][13.31156214][13.62837385][13.49937645][13.09914172][12.7172189][12.8089407][12.86861083][13.17473631][13.29441617][12.85107425][12.59982879][12.62663645][12.4792513][12.35318539][12.37964567][12.40397188][12.20073915][12.09766982][11.91176323][11.62643459][11.41584803][11.09493739][10.67137459][10.71165244][10.55365336][10.28955283][10.18091249][10.78576347][10.50919764][10.35289127][10.5985024][10.57889685][10.745566][10.81527345][10.7826545][11.18503096][11.25468583][10.91640715][10.75224384][10.80482977][10.92046539][10.6305429][11.84900325][12.0627313][11.83922294][11.85364298][11.89613643][11.77123646][11.98131902][12.40917669][12.47361181][12.7815957][13.04842215][12.89050661][13.21316661][13.34914974][13.85526577][13.88246132][14.18543736][14.27166052][14.11106339][14.14525327][14.4047259][14.68926573][14.60620987][14.91105228][14.96736388][15.48686751][16.16634966][16.17770703][16.87618509][16.94904133][16.35740525][17.00706189][17.31267685][17.69056038][18.06855865][17.79252382][18.43359992][18.50733424][18.37597746][17.87976168][17.25621991][16.87701275][16.85403468][16.83458175][16.51587152][16.65249203][16.3734993][16.52575587][16.74561617][17.5486949][18.26613085][18.12055786][17.80337481][18.10791413][18.06210357][18.19649188][18.29351189][18.49226742][18.31153314][18.21234307][18.12838593][18.12036915][17.72437354][19.68544125][21.15706474][21.57538513][20.8897497][20.36402847][20.37438549][20.63337063][21.11493181][21.5052994][21.50858621][21.34820673][21.06354929][21.51157185][22.05666665][21.82663229][21.67408088][21.47136768][21.89997973][22.2553932][22.74536421][24.13472194][26.13614515][28.51515488][28.23836829][27.57900262][27.90679441][27.70501247][30.14031695][32.41458605][31.17197673][30.44451266][32.46160233][33.4917167][34.88190627][36.12593176][35.94433524][36.00556447][36.33353888][34.93776562][35.28103667][34.95736378][35.62742505][36.73452739][35.92751107][35.88782129][35.43601846][34.73436557][33.43095683][31.97798391][31.19183435][30.92526891][29.73762844][29.8796396][29.37293928][28.05085958][29.49728626][29.24618601][30.61133227][31.05645358][30.00802378][28.6181139][27.63620403][27.41391013][26.79978627][20.94865205][20.03302278][19.42696038][18.50673605][19.85932463][21.56302476][22.65746651][22.03061272][22.6351599][24.01390535][23.84841387][23.07914387][22.15525043][21.54400723][22.74301978][23.44933128][22.51725801][21.98469533][20.5201092][21.60442913][21.13346327][22.04277839][22.80506649][23.84734719][23.54490466][23.4448248][25.5648589][24.90619476][23.05576197][22.74831491][21.75618383][22.63650135][22.63653994][22.45938344][22.01794664][21.52287982][21.38675524][20.93950453][20.03763765][19.46402307][18.34178527][19.20928172][19.19748224][19.57085703][20.12307886][20.3917843][19.7001665][20.30899329][22.21406588][23.13416088][22.8949557][21.70655129][21.98938644][22.25813915][22.51864153][22.20348225][22.04806602][22.77735307][22.38471487][22.06863022][22.67630943][23.81501985][22.54505944][21.9119506][24.85150485][26.67210042][27.19996217][26.92056943][25.95263592][26.09493166][25.28979569][25.20820748][25.44639548][25.63808127][25.36222333][25.4265485][26.20365744][26.45434061][26.63576666][26.57186984][26.75496959][27.67720083][27.05621026][26.39319524][25.86708336][26.40222271][26.23141962][25.90832493][25.48531951][24.51756592][24.00163906][25.03055797][25.85621068][26.15582468][25.58972777][25.72643469][25.77556265][27.84446086][29.11389188][30.13565044][30.0859322][29.18213394][29.2222578][28.13862306][27.85972881][28.27922429][29.22053526][29.49368168][32.08888605][32.23258912][32.58928344][31.78688356][30.9142592][30.75015857][30.84117827][31.13627366][30.58429544][30.90853975][30.95815498][30.6574201][30.98481258][31.21127198][31.5007881][31.76767613][30.76390568][30.8699463][30.5567083][31.26549142][31.00335554][31.32648861][29.3822353][29.84025152]
 Actual Values: 
 [7.1] [7.24] [7.32] [7.03] [6.78] [6.69] [6.79] [6.85] [6.7] [6.82] [6.64] [6.83] [6.82] [7.09] [7.79] [8.68] [8.87] [9.05] [8.72] [8.8] [8.72] [9.0] [9.02] [8.92] [8.38] [8.69] [8.95] [9.650000000000002] [9.900000000000002] [10.380000000000003] [10.400000000000002] [10.75] [10.43] [10.68] [10.940000000000001] [10.810000000000002] [11.190000000000001] [11.61] [11.650000000000002] [11.3] [11.650000000000002] [12.280000000000001] [11.240000000000002] [11.7] [11.420000000000002] [11.45] [11.43] [11.29] [11.370000000000001] [11.55] [11.39] [10.98] [10.79] [10.170000000000002] [9.54] [9.920000000000002] [9.880000000000003] [9.68] [9.95] [10.740000000000002] [10.350000000000001] [10.600000000000001] [10.620000000000001] [10.600000000000001] [10.900000000000002] [11.98] [12.370000000000001] [12.46] [14.05] [13.21] [13.780000000000001] [13.86] [13.7] [13.43] [13.2] [13.25] [12.79] [13.41] [14.3] [14.2] [14.0] [14.27] [15.45] [15.080000000000002] [14.59] [13.55] [13.0] [13.07] [13.25] [13.45] [13.5] [14.48] [14.0] [14.030000000000001] [13.79] [13.620000000000001] [13.68] [14.400000000000002] [13.7] [13.96] [14.16] [13.350000000000001] [13.75] [13.740000000000002] [13.73] [14.100000000000001] [14.600000000000001] [14.310000000000002] [14.280000000000001] [13.420000000000002] [13.330000000000002] [13.52] [13.02] [12.940000000000001] [12.510000000000002] [12.530000000000001] [12.630000000000003] [13.09] [12.98] [13.080000000000002] [13.23] [13.240000000000002] [13.420000000000002] [13.43] [13.73] [13.43] [11.73] [10.29] [10.55] [10.130000000000003] [10.220000000000002] [10.04] [10.46] [10.740000000000002] [11.2] [11.41] [11.66] [11.810000000000002] [10.990000000000002] [11.470000000000002] [11.490000000000002] [10.970000000000002] [11.05] [11.010000000000002] [10.850000000000001] [10.95] [11.29] [11.25] [10.93] [10.84] [11.27] [12.420000000000002] [12.810000000000002] [13.100000000000001] [11.75] [12.330000000000002] [11.91] [11.34] [11.66] [11.630000000000003] [12.190000000000001] [13.36] [14.100000000000001] [14.150000000000002] [14.39] [13.760000000000002] [13.650000000000002] [13.060000000000002] [12.57] [12.57] [12.36] [12.940000000000001] [13.27] [13.61] [13.77] [14.170000000000002] [14.330000000000002] [13.46] [14.030000000000001] [13.29] [13.620000000000001] [13.61] [13.7] [14.0] [14.29] [15.130000000000003] [14.990000000000002] [13.850000000000001] [14.09] [13.720000000000002] [13.810000000000002] [13.420000000000002] [13.2] [13.330000000000002] [13.48] [12.760000000000002] [12.7] [12.04] [12.580000000000002] [13.010000000000002] [13.170000000000002] [12.46] [12.43] [12.420000000000002] [12.2] [12.0] [12.690000000000001] [12.510000000000002] [12.530000000000001] [12.0] [12.190000000000001] [12.82] [13.120000000000001] [12.880000000000003] [13.02] [12.84] [12.57] [12.46] [12.66] [12.220000000000002] [12.150000000000002] [12.330000000000002] [12.77] [13.25] [13.07] [14.0] [13.2] [13.25] [12.850000000000001] [12.650000000000002] [12.760000000000002] [12.77] [12.8] [12.73] [13.310000000000002] [13.380000000000003] [13.220000000000002] [13.260000000000002] [13.720000000000002] [13.620000000000001] [13.850000000000001] [14.32] [14.25] [14.240000000000002] [14.2] [13.850000000000001] [14.030000000000001] [13.940000000000001] [14.2] [12.95] [12.45] [12.170000000000002] [11.260000000000002] [10.760000000000002] [11.25] [10.870000000000001] [10.95] [12.04] [11.940000000000001] [11.940000000000001] [11.25] [11.220000000000002] [11.18] [11.030000000000001] [11.010000000000002] [11.130000000000003] [11.3] [11.470000000000002] [11.420000000000002] [11.41] [11.380000000000003] [11.34] [11.45] [11.080000000000002] [10.870000000000001] [10.810000000000002] [10.850000000000001] [9.89] [9.900000000000002] [10.0705] [10.150000000000002] [9.970000000000002] [10.130000000000003] [9.970000000000002] [10.100000000000001] [10.130000000000003] [10.600000000000001] [11.0] [11.100000000000001] [10.98] [10.75] [10.380000000000003] [10.45] [10.57] [10.57] [10.420000000000002] [11.61] [12.095000000000002] [12.190000000000001] [12.010000000000002] [12.0] [11.630000000000003] [12.07] [11.82] [12.05] [11.900000000000002] [12.18] [12.560000000000002] [12.61] [12.82] [13.02] [12.780000000000001] [12.7] [13.130000000000003] [13.120000000000001] [13.240000000000002] [13.620000000000001] [13.05] [12.05] [11.04] [11.7] [11.720000000000002] [11.54] [11.470000000000002] [11.600000000000001] [11.720000000000002] [12.400000000000002] [12.11] [11.720000000000002] [12.120000000000001] [11.82] [11.95] [12.14] [12.43] [12.66] [12.260000000000002] [11.670000000000002] [11.690000000000001] [12.010000000000002] [11.580000000000002] [12.395] [12.030000000000001] [11.760000000000002] [11.5] [11.7] [11.43] [11.490000000000002] [11.41] [11.41] [11.16] [11.100000000000001] [10.91] [10.71] [10.510000000000002] [9.990000000000002] [9.940000000000001] [9.990000000000002] [9.630000000000003] [9.08] [10.05] [9.830000000000002] [9.75] [9.75] [9.870000000000001] [9.98] [10.2] [10.0] [10.280000000000001] [10.510000000000002] [10.18] [10.05] [10.09] [10.190000000000001] [10.060000000000002] [10.870000000000001] [11.2] [11.055] [10.830000000000002] [11.100000000000001] [10.902000000000001] [10.880000000000003] [11.32] [11.490000000000002] [11.650000000000002] [11.98] [11.89] [12.14] [12.18] [12.64] [12.79] [13.060000000000002] [13.25] [13.0] [12.93] [13.060000000000002] [13.400000000000002] [13.45] [13.48] [13.740000000000002] [13.98] [14.760000000000002] [14.850000000000001] [15.07] [15.830000000000002] [14.52] [15.21] [15.84] [15.810000000000002] [16.62] [16.06] [16.18] [16.85] [16.83] [16.65] [15.780000000000001] [15.64] [15.32] [15.650000000000002] [14.850000000000001] [15.41] [14.8] [15.21] [15.130000000000003] [15.52] [16.73] [16.59] [16.15] [16.41] [16.68] [16.42] [16.5] [16.94] [16.71] [16.66] [16.47] [16.75] [16.3] [17.16] [19.07] [19.4] [19.35] [18.34] [18.17] [18.94] [18.89] [19.53] [19.46] [19.58] [19.09] [19.16] [19.97] [19.86] [19.86] [19.12] [19.79] [19.98] [20.28] [21.19] [22.91] [24.94] [25.51] [24.36] [25.29] [24.89] [25.62] [29.41] [28.12] [26.96] [28.15] [30.02] [29.91] [33.16] [31.43] [31.75] [32.99] [31.52] [32.1] [31.19] [31.13] [33.18] [32.4] [31.86] [32.24] [30.69] [30.73] [29.035] [27.99] [28.07] [26.73] [26.15] [27.38] [24.74] [26.77] [26.38] [26.63] [28.41] [27.08] [27.03] [24.46] [24.18] [25.04] [17.92] [18.49] [18.21] [16.38] [17.87] [18.41] [20.59] [20.12] [19.5] [21.42] [21.77] [20.77] [20.68] [19.28] [20.18] [20.72] [19.87] [20.4] [17.4] [20.05] [18.61] [19.96] [19.77] [21.82] [21.19] [21.3] [22.48] [23.35] [20.22] [21.3] [19.35] [20.71] [20.32] [20.63] [19.58] [20.01] [19.15] [19.44] [18.11] [18.12] [16.52] [16.88] [17.429999999999996] [17.53] [18.15] [18.01] [18.42] [17.549999999999997] [19.44] [21.19] [20.89] [19.76] [19.47] [19.96] [20.44] [20.4] [19.49] [20.37] [20.48] [20.03] [20.06] [20.99] [20.315] [20.26] [21.49] [23.02] [24.61] [24.43] [23.42] [23.63] [22.99] [22.33] [23.05] [23.43] [22.98] [22.74] [23.58] [23.625] [24.14] [24.04] [24.05] [25.01] [24.65] [24.11] [23.21] [23.97] [23.89] [23.34] [23.47] [22.33] [21.35] [22.15] [23.1] [23.66] [23.37] [23.1] [23.3] [23.6] [26.49] [25.78] [27.54] [26.29] [26.69] [25.7] [25.1] [25.58] [26.42] [26.51] [28.02] [28.88] [29.64] [28.69] [28.24] [27.46] [27.81] [28.21] [27.8] [27.72] [28.21] [27.6] [27.62] [28.18] [28.1] [28.67] [27.66] [27.9] [27.59] [28.95] [26.94] [28.3] [26.72] [27.2] [26.41] 
 ---------Company Name: Advanced Micro Devices Inc 
Ticker Symbol: AMD 
sentiment1: Trade Truce Helps Lift Wynn’s Stock 
 Trump-Xi Thaw Helps Lift Casino Giant’s Fortunes 
 published on 2019-01-03 
---sentiment2: US Stocks Turn Higher as Anxious Investors Eye Trade Talks 
 published on: 2018-08-24 
---sentiment3: China Warnings From Caterpillar and Nvidia Hit U.S. Stocks 
 China Strife Spurs Warnings and Declines 
 published on 2019-05-02 
---sentiment4: China’s Technology Ambitions Could Upset the Global Trade Order 
 China vs. the World 
 published on 2019-04-25 
---sentiment5: A Grim Preview of a Trade War Takes Shape 
 published on: 2019-02-05 
---Company Name: Advanced Micro Devices Inc 
Ticker Symbol: AMD 
sentiment1: Trade Truce Helps Lift Wynn’s Stock 
 Trump-Xi Thaw Helps Lift Casino Giant’s Fortunes 
 published on 2019-01-03 
---sentiment2: US Stocks Turn Higher as Anxious Investors Eye Trade Talks 
 published on: 2018-08-24 
---sentiment3: China Warnings From Caterpillar and Nvidia Hit U.S. Stocks 
 China Strife Spurs Warnings and Declines 
 published on 2019-05-02 
---sentiment4: China’s Technology Ambitions Could Upset the Global Trade Order 
 China vs. the World 
 published on 2019-04-25 
---sentiment5: A Grim Preview of a Trade War Takes Shape 
 published on: 2019-02-05 
---