Company Name: Affiliated Managers Group Inc 
Ticker Symbol: AMG 
sentiment1: Half-Time-Europe Inc Scores to Avert First Quarter Disaster, Hopes of a Rebound Rise 
 published on: 2019-05-06 
---sentiment2: Are You Investing In What Matters To You? Take the Quiz. 
 In Bali, Fight Is Erupting Over Site Hit by Terrorism 
 published on 2019-04-13 
---sentiment3: At Site of Bali Bombings, a Fight Brews Over Money and Memorials 
 Uber to Kick Off Investor Road Show With IPO Terms on Friday 
 published on 2019-05-02 
---sentiment4: Uber to Kick Off Investor Road Show With IPO Terms on Friday 
 Under Pressure From Trump to Save Jobs, GM Acts in Canada, Ohio 
 published on 2019-05-03 
---sentiment5: Under Pressure From Trump to Save Jobs, GM Acts in Canada, Ohio 
 Workers Allege Racism at Harley-Davidson Plant in Missouri 
 published on 2019-05-03 
---
Current Value: 94.19 
Prediction: Increase 
Perecent_correct: 0.6746031746031746 
Predicted Values: 
 [141.87465228][139.82336058][138.54787364][135.60347079][134.45858526][134.31191304][134.28502367][136.74446665][133.85360038][138.22860284][147.32773568][146.55039229][146.57058519][143.53688821][143.30253431][143.81351681][142.62204219][143.54241647][145.3581126][146.97625646][148.68312176][147.43108424][146.58297622][148.08894359][149.51253876][148.18644664][150.04268534][152.4093058][155.88030104][159.93028339][160.59146282][159.60699109][159.32530784][157.4445921][154.22226863][150.739188][147.82847227][147.81619461][147.55522599][147.26576633][145.58822358][145.43679888][145.03287478][144.74932842][145.84252356][147.66585889][148.52929416][148.92024459][148.17606169][145.77405488][144.14663033][145.00224286][144.63153846][145.19481265][143.17006434][142.61954512][142.90694259][143.66567447][143.71441319][145.3689052][146.3146172][146.1423664][144.87281934][149.16238523][152.42857788][155.1937583][155.14121662][157.50061049][157.19339063][159.23078708][160.02513776][162.33738043][165.34714459][166.53134401][165.7545532][167.8419069][167.84764987][166.34099134][168.38912544][168.10997307][167.97025085][166.46029312][167.06529853][166.74219153][168.75730272][167.46144762][167.39444755][165.87903997][165.39664546][166.28463857][165.23394675][164.33598191][162.72659679][162.67051766][164.55812128][165.50157296][163.8116663][161.64770184][160.95800001][158.45068066][158.83827641][158.79110857][157.34629861][161.29616989][161.88319715][162.31754327][162.7263673][162.73334444][160.60419294][160.01095287][159.57216962][159.70861051][160.14378876][160.83264058][161.71485785][161.01336472][161.93846374][161.33984553][162.13143112][163.12923203][162.82099633][165.34420099][165.58356619][165.01904215][164.77108788][164.34407587][159.14869774][155.1476423][154.55962391][155.40712726][155.11465951][154.25246576][153.58480885][153.65552256][152.75660373][152.87839987][154.2427168][154.2913049][151.91313586][150.59763104][151.59673063][153.58439031][153.11997915][152.45402438][153.48254136][153.61091829][153.21689488][153.37636242][157.94186732][159.84086238][161.28782937][159.71306486][159.57945734][159.74368294][161.00602051][161.44636541][161.29016344][161.42766618][161.58731259][162.83775743][164.55378985][164.56025138][163.09993285][161.02229138][161.04455263][161.98768968][162.049542][164.20100357][165.87924853][164.96939565][166.85525703][168.47223406][167.09680451][167.48610349][170.09258038][170.55337907][171.49922596][172.7416446][173.03755966][173.89461366][174.31671774][174.87129792][175.83886873][175.7610999][176.3833539][178.76944673][178.98489781][179.58083741][176.50919766][180.65154453][178.34103201][180.72454424][177.77236304][178.34103201][178.24163066][178.78239432][177.78036308][175.48164784][173.90978896][175.83691094][176.45691365][177.1671201][173.59519876][171.06633725][170.45566227][172.32988323][172.38299447][172.63859721][173.40243319][172.91199877][171.13505122][171.9837831][173.79412812][175.07670317][173.74738251][172.601489][171.06046492][171.05751757][174.42543226][176.2217703][175.41512581][175.52708953][176.84707404][178.86313905][179.700732][180.02354067][181.08932206][181.51905571][182.83422025][183.37132248][184.8748918][185.55707527][186.4804133][188.0482166][188.91903572][190.76400243][191.56588669][191.0676185][190.9696593][191.0422013][191.00332135][190.48504002][190.32124672][190.9872301][190.89173514][191.01071937][191.21601658][192.93346287][192.93301279][192.19508748][189.85587527][186.90649261][187.20221157][184.03798886][182.91369551][184.04920209][182.67458826][181.9104266][182.78692875][183.10151566][182.5309547][182.1235606][182.21979376][179.96637233][179.74601696][180.54263924][182.87093088][182.74506036][183.86018868][185.87987878][186.75616987][186.90387782][188.16017013][191.45350444][194.46288426][195.77045198][194.32348705][194.75984776][193.56915834][193.8374518][194.25124839][195.34966947][195.08609755][193.51468935][192.86238704][191.32461341][193.54387702][196.52954303][197.91043523][198.57884098][198.09267326][199.5432739][199.23378668][199.91181973][200.79444514][201.53553338][200.27516754][198.83181245][196.87953279][194.83083109][195.67686677][196.54363681][195.63797539][195.42979437][197.72737876][199.62503017][201.65450126][201.93290482][205.31402583][207.41580881][207.91574757][207.52579416][206.00464894][208.77541597][203.9757031][201.68933752][197.61872173][196.19649416][194.6444211][189.6038896][184.49005161][185.66518416][181.57674445][178.51234936][179.35178339][178.75692779][183.1922216][187.51899316][187.58153291][186.31753651][186.61526315][185.75518761][185.71431556][189.56681093][189.25586638][187.21525274][184.64052918][183.13690683][184.11589319][187.03410745][186.37573002][187.70462256][191.05491521][191.56120388][191.71293739][191.2488516][188.79406859][188.48727851][188.35035193][186.85162044][188.3715216][185.02220971][181.19062943][184.0810015][184.7282766][182.48368874][185.31463478][181.92014402][179.13348082][178.9396759][180.62303209][176.19047314][174.75883823][175.3641341][170.49005406][171.19866889][170.81013938][169.96564306][171.15148763][170.91770535][170.31765628][170.76633835][170.03543774][169.33713119][167.51545887][168.01620425][168.29702634][164.17849797][163.34442613][162.09560318][159.35806817][160.24824549][161.78632464][162.1484162][162.71007928][163.38778001][163.81226424][164.57713415][164.55187464][165.79746682][167.02813463][167.00780804][166.76221873][165.8871995][164.62942113][162.93021741][162.29221726][159.31890732][159.17662499][159.37084519][160.5172122][161.20188337][161.83230788][164.86577008][165.51145584][163.6186406][163.78567445][162.56050378][159.39514618][155.737752][155.16191288][154.11671756][153.12541572][153.86797887][152.94999995][154.23522998][153.42205149][152.63603312][151.06962538][150.80800568][151.0975093][148.47134291][149.23645408][149.05584372][148.45062352][150.39777775][151.79731642][150.85294403][150.67337507][148.92833982][148.78110343][148.87206217][150.53548614][149.94191355][149.05436264][149.69434263][151.61414047][151.29816599][151.52302405][151.39897851][156.51465736][160.5386691][157.82271471][155.07707237][153.81628405][153.00099459][154.99162429][153.94034469][151.83457314][149.21134132][147.76427073][147.45065722][146.09998431][147.22462487][146.84484102][148.0614662][148.97187144][149.01354377][148.08129893][147.74359175][149.06629835][148.66109218][147.86509803][147.36887944][146.45914153][145.95918815][145.58969021][145.4663405][144.38697564][144.0540187][143.52351495][143.09188889][143.00125201][143.06818543][143.70572699][143.06858104][145.38891457][147.01324837][147.45032311][146.64858152][143.85310811][141.15813819][140.03158392][138.60534497][138.6341319][138.84402779][139.37496025][139.21179619][138.00617522][135.18605981][133.97825943][131.76764301][127.99277902][127.27643487][126.94836039][127.9866276][128.98450455][128.07167604][126.48830006][124.98570634][120.88001819][120.29052138][121.20065651][119.81141341][120.05850971][117.65513974][118.60593559][120.06168956][121.3896138][119.72981886][118.86752587][120.10920555][120.64095479][119.18839482][117.46453461][116.16029413][115.60548471][115.64036636][116.52074364][115.88677606][112.23155488][112.96149722][113.11469177][115.58968515][115.03442839][116.03753226][115.91309998][115.05291809][116.25268047][112.75861885][109.23819357][109.88386086][106.33265388][106.01593909][106.62316673][105.3620652][102.04515562][101.15828781][101.36828848][99.48113879][98.41196246][98.62882062][96.8403565][98.57716088][100.71899322][101.88957835][101.94885198][102.48813142][102.22166116][104.37986755][106.60495934][107.24206389][107.33183382][108.01897669][107.19974741][106.5567943][107.4691867][110.73308813][110.7833784][112.22339074][111.15721261][110.85201914][111.20628524][113.1764211][113.238509][111.83026821][110.14907398][109.0940776][109.39193951][111.60765491][112.90513989][113.31793673][112.62371616][110.93828216][109.34493543][110.44249088][111.05311997][109.53421561][111.97638898][112.62763007][113.22611969][112.90730145][112.55588024][114.41095779][113.85778605][114.19082092][113.69096563][114.63621575][114.65245864][113.09240541][111.83345577][109.38258176][107.77374458][109.91324475][110.98354714][111.1290766][111.00351218][112.19872845][114.58879661][115.23604942][112.9368157][109.93547001][106.8128806][104.0823884][105.79368091][107.49895429][109.59549025][111.39162121][113.90470743][115.04365854][116.4859831][117.30598356][118.3359129][118.12434084][115.61769006][113.87202608][114.88185448][116.04930899][115.5748794][115.5948105][116.1568245][116.58454983][116.97200252][117.38376466][116.94120969][115.61707145][115.5668473][116.6742471][115.4874467][114.26413222][113.35386812][131.05074191][98.63224415][103.37277315]
 Actual Values: 
 [139.07] [139.8] [133.13] [133.4] [131.82] [132.15] [135.8] [132.47] [131.86] [140.94] [146.54] [146.24] [142.69] [141.61] [142.95] [142.5] [141.56] [143.94] [145.38] [147.22] [147.42] [146.5] [147.1] [149.01] [148.3] [149.21] [150.76] [153.21] [159.11] [161.46] [160.61] [158.95] [159.29] [155.46] [151.07] [147.64] [147.72] [146.71] [147.37] [145.75] [144.66] [145.0] [143.5] [144.94] [147.72] [145.93] [149.05] [148.1] [145.78] [143.43] [143.2] [144.28] [144.33] [142.72] [141.72] [142.2] [142.1] [142.79] [143.85] [145.96] [146.49] [144.06] [144.18] [152.23] [153.58] [155.13] [157.9] [157.0] [158.97] [160.06] [162.72] [165.0] [168.5] [166.54] [168.0] [170.47] [166.32] [168.75] [169.67] [169.87] [167.98] [167.93] [168.27] [171.11] [169.65] [168.52] [166.8] [166.56] [167.93] [167.24] [166.65999999999997] [164.0] [163.06] [165.54] [166.82] [166.47] [162.94] [163.52] [158.58999999999997] [159.29] [159.4] [156.15] [158.83] [162.86] [162.47999999999996] [163.29] [164.24] [161.86] [161.31] [159.35] [159.47] [160.46] [160.62] [163.17] [161.44] [161.47] [162.4] [163.12] [163.92] [164.18] [167.11] [166.87] [166.18] [166.63] [165.53] [162.0] [155.23] [154.05] [155.37] [156.04] [154.83] [153.37] [154.0] [153.05] [152.05] [154.04] [154.9] [152.22] [150.9] [149.61] [153.27] [153.90999999999997] [152.68] [153.41000000000003] [153.6] [153.52] [153.33] [154.24] [160.01] [159.37] [160.67] [160.27000000000004] [160.44] [160.98000000000002] [162.29] [162.7] [161.18] [161.76999999999998] [163.35] [165.29] [166.13] [165.77] [161.22] [162.36] [162.34] [163.32999999999998] [164.12] [168.39] [166.09999999999997] [167.47] [169.23] [169.92] [167.15999999999997] [169.69] [172.91] [172.29] [174.47] [174.55] [175.99] [175.88] [177.41000000000003] [177.7] [177.75] [178.0] [180.97] [181.57] [184.22] [178.37] [178.95] [181.19] [185.08] [180.65000000000003] [181.19] [180.63] [180.52] [180.52] [178.82] [176.02] [177.23] [179.11] [180.1] [177.43] [172.61] [172.82] [172.83] [174.29000000000002] [174.9] [175.6] [175.9] [171.76] [173.87] [174.93] [177.31] [176.03] [175.72] [173.32] [172.69] [175.62] [178.27] [178.27] [177.21] [178.43] [180.01] [182.9] [182.79] [183.38] [184.14999999999998] [184.69] [187.01] [186.92] [188.28] [188.71] [190.02] [192.0] [193.79] [195.34] [195.28] [195.25] [194.91] [195.27] [194.25] [193.79] [194.16] [195.57] [193.85] [194.13] [195.99] [197.6] [196.7] [195.72] [189.74] [190.35] [188.5] [184.67] [187.85] [185.67] [184.57] [185.33000000000004] [186.06] [185.07] [184.42000000000002] [185.55] [182.86] [181.82] [180.92] [186.0] [184.54] [186.87] [187.88] [190.54] [190.78000000000003] [190.35] [193.48] [197.72999999999996] [200.43] [199.3] [199.71] [198.14] [197.13] [197.9] [198.84] [200.44] [198.22] [197.5] [195.52000000000004] [195.42] [200.29000000000002] [202.73000000000002] [202.91000000000003] [203.07] [204.58500000000004] [203.98000000000002] [204.59000000000003] [204.52000000000004] [207.32] [206.52000000000004] [204.22000000000003] [202.58000000000004] [198.94] [199.4] [200.61] [200.39] [198.64] [201.75] [204.84000000000003] [204.41000000000003] [207.99] [206.76] [211.66000000000003] [213.84000000000003] [214.27000000000004] [212.0] [211.31] [206.15000000000003] [208.25] [203.84000000000003] [198.39] [199.86] [194.65] [182.0] [188.61] [187.32] [181.96] [181.6] [180.64] [180.52999999999997] [190.76] [189.57] [190.35] [187.82999999999998] [189.96] [188.0] [190.74] [194.06] [190.94] [189.17] [183.85] [185.2] [188.72000000000003] [189.43] [191.37] [193.27] [195.55] [195.97] [196.23000000000002] [193.46000000000004] [190.57] [192.44] [191.27] [189.57] [189.59] [185.69] [184.97] [189.77] [185.87] [186.26] [187.53] [181.64] [177.21] [184.20999999999998] [179.45] [177.52] [178.52] [172.74] [171.99] [174.63] [171.04] [172.99] [173.42] [171.39] [172.8] [171.72] [172.37] [168.91] [169.3] [170.0] [161.23] [164.03] [164.08] [160.19] [158.86] [162.66] [162.26999999999998] [163.68] [163.91] [165.09999999999997] [165.49] [165.03] [166.2] [167.46] [169.05] [168.77] [167.05] [166.49] [164.21] [163.31] [161.56] [158.58999999999997] [160.43] [161.06] [161.94] [162.05] [164.25] [168.0] [164.98] [165.27] [164.19] [162.25] [156.54] [154.28] [154.96] [151.42] [154.71] [152.73] [154.27] [153.6] [153.27] [151.35000000000002] [149.75] [152.49] [147.18] [150.04] [148.67] [147.71] [149.16] [151.07] [151.34] [151.62] [148.74] [148.54] [148.49] [149.34] [149.6] [148.53] [148.44] [151.1] [151.78] [151.24] [151.47] [152.385] [161.36] [160.20999999999998] [155.18] [154.81] [152.2] [154.23] [155.01] [151.65] [149.71] [147.78] [147.48] [145.38] [145.91] [146.01] [147.15] [147.79] [148.77] [148.44] [147.15] [148.43] [148.16] [146.66] [147.47] [145.73] [146.0] [144.49] [145.69] [143.26] [143.27] [142.23] [142.26] [143.13] [140.93] [143.33] [142.17] [142.81] [146.58] [146.46] [147.16] [144.55] [140.55] [139.45] [136.92] [137.43] [137.01] [137.77] [138.0] [137.51] [133.78] [133.02] [131.29] [126.66] [125.1] [123.46] [125.57] [125.12] [127.06] [123.84] [123.48] [117.59] [117.86] [117.03] [117.25] [119.96] [111.68] [115.94999999999999] [114.58] [119.37] [117.31] [114.87] [116.16] [117.2] [116.46] [115.11] [113.29] [112.17] [110.12] [112.69] [112.85] [109.18] [107.27] [108.4] [110.85] [111.79] [110.49] [112.85] [111.5] [113.04999999999998] [110.93] [102.44] [106.57] [102.58] [102.29] [101.19] [101.91] [98.01] [95.3] [96.36] [94.96] [91.86] [93.25] [91.5] [90.27] [93.2] [97.45] [96.33] [95.53] [97.59] [98.22] [100.67] [102.89] [102.03] [103.0] [102.99] [101.0] [101.85] [105.08] [106.0] [107.89] [107.27] [106.97] [106.29] [108.78] [108.56] [108.75] [106.88] [104.16] [104.93] [107.0] [107.5] [109.5] [108.6] [107.9] [105.39] [106.06] [106.64] [105.2] [106.66] [108.22] [108.82] [109.71] [108.2] [110.17] [109.51] [110.4] [110.15] [110.67] [111.08] [109.85] [108.58] [106.26] [103.0] [104.75] [107.05] [107.17] [107.07] [106.68] [110.0] [112.32] [110.28] [106.0] [104.01] [99.12] [100.17] [102.14] [103.96] [107.53] [108.13] [111.63] [112.57] [113.44] [114.4] [115.31] [113.32] [109.91] [111.18] [112.25] [112.48] [111.55000000000001] [112.74] [112.43] [113.43] [113.42] [113.87] [113.07] [111.62] [112.93] [112.67] [110.95999999999998] [109.63] [108.24] [106.49] [97.01] [94.19] 
 ---------