Company Name: Air Products & Chemicals Inc 
Ticker Symbol: APD 
sentiment1: Norwegian Air Reports Rise in April Load Factor, Yield 
 published on: 2019-04-18 
---sentiment2: Is There a Best Product for Period-Management? 
 E.U. Says Carmakers Colluded to Delay Clean-Air Tech 
 published on 2019-04-01 
---sentiment3: Five Oil and Gas Executives in Their Own Words 
 U.S. Oil-Storage Industry Fines Soar on Air, Water Violations 
 published on 2019-03-29 
---sentiment4: VW, BMW and Daimler Hindered Clean-Air Technology, European Regulator Says 
 U.S. Oil-Storage Industry Fines Soar on Air, Water Violations 
 published on 2019-02-05 
---sentiment5: U.S. Oil-Storage Industry Fines Soar on Air, Water Violations 
 Home and Work; Bold Colors 
 published on 2019-04-29 
---
Current Value: 200.29 
Prediction: Decrease 
Perecent_correct: 0.5714285714285714 
Predicted Values: 
 [133.62194787][133.75387771][133.69097073][133.14499084][132.88748522][133.57416115][133.11032192][136.18397978][136.85047131][136.3316647][139.30890861][139.53375254][138.18626705][137.70666231][138.14764448][138.37052778][137.77750938][141.38512698][139.88331028][139.90723141][140.95755672][141.4645918][142.46703182][144.04430654][144.207568][144.12211985][146.70443819][146.66065729][147.54915405][148.50297788][148.92505417][149.52381416][149.4293819][148.56508848][148.34930156][148.31020553][147.2595395][147.97836529][147.63010445][146.63147439][145.94326838][146.75778601][146.40021202][144.20825907][143.9766062][143.48800056][144.0940989][143.59533022][143.72116981][145.6510826][145.79384291][145.21270394][145.49615243][145.28975782][144.99759361][145.65628486][145.73570128][145.9425476][146.02347236][146.60121391][147.81921249][148.40304837][141.09477585][140.57732147][140.26191429][139.02488564][138.88174395][139.67721942][139.38189706][138.73661603][138.1364586][138.4726857][139.43053482][140.43578393][141.1955885][141.94293255][142.11645254][141.46680482][141.0155039][140.43024564][140.44899642][140.2486231][140.1206637][139.63964959][142.88536412][142.06457316][139.85056989][139.08974815][139.17327333][139.51072508][139.17623693][138.86948763][138.28466816][136.72112253][137.38708952][137.76908539][138.84172553][138.90330561][137.65089118][136.21495459][136.69585721][136.0288777][134.96235146][136.51107334][136.56628824][135.71017037][135.21199161][135.32393629][134.89868426][135.68932383][135.12639392][134.74181045][135.32200129][135.84812811][135.77232905][134.70038008][135.13713306][135.07132121][135.20409804][136.24265658][136.89461132][138.80022938][140.87008921][141.38608176][141.0099037][140.49811631][141.50215527][142.7901162][143.46477219][144.33644909][146.20302506][146.37661809][145.5596853][145.01273066][144.21786401][143.93507308][144.51849591][143.69759515][143.13201652][142.5567983][142.94195797][143.27139233][142.92019769][143.70253151][143.84525256][143.59309068][143.56014541][143.65218296][144.74104018][146.16484197][145.71474623][144.06198689][143.79490645][143.16708976][144.78688386][144.95535774][145.24996773][145.63789158][145.09811303][145.30215871][146.21149148][144.84321728][144.26990751][143.62055559][144.43826779][144.74214987][144.383956][144.66775495][143.06983122][142.55827294][143.83981155][143.34195806][142.22371643][143.11311074][143.44353028][142.9608413][143.3290125][143.90202974][144.91751741][145.26626911][144.69174195][145.44423222][145.6997474][145.38377941][144.78037708][145.44197489][144.25937574][143.59706679][143.47445451][143.11378744][147.13029524][148.01762588][147.56872597][147.13029524][147.29625997][146.36008996][145.72585422][145.09499264][144.32158121][146.09531196][146.31293737][147.31604909][146.752289][145.42614756][145.12617243][145.77547547][145.00732015][145.08347489][145.42315425][145.96340209][144.79375759][145.14590204][145.36847195][145.38517526][144.7281852][144.17402725][144.0665231][144.47342538][147.76112164][149.74908097][148.8191138][149.60267058][149.72748464][150.23838176][150.45944334][150.53679302][150.64116961][150.38340992][150.69049687][151.13007821][150.95183391][151.23690013][150.99178][151.55228396][152.6186247][152.7170732][152.83541844][152.54143012][152.69788602][152.637091][152.63356163][152.64749341][153.33412601][153.33360525][153.24197672][153.07980646][152.51517863][153.74269728][153.59478253][153.40516515][153.92778491][160.57785574][161.19228556][160.1886981][159.84398997][159.59912952][159.64087721][159.05120247][158.93163338][159.22222825][160.11738263][160.47597106][159.99034979][162.45164934][161.56595879][160.75668012][160.92846126][161.10197091][161.37688701][161.85897563][161.77046173][161.52293255][161.05735597][161.97000278][162.5065115][163.17483052][162.33818819][162.49048495][161.95829989][160.75036153][160.34882088][160.7407748][162.86582956][162.70113041][162.49735789][161.24657152][160.34795543][161.51409799][162.06316687][162.60933157][162.70476988][162.97420074][162.8106242][163.16547758][164.02154646][163.75761931][164.79762508][165.68142963][166.8837406][167.93531719][168.03964311][169.0123609][168.34692559][169.31647042][169.6185741][169.37152852][168.13119612][167.37930815][167.07144554][167.78125028][168.57207228][170.02212705][173.0775364][167.9409748][167.46832636][167.45644216][168.37050064][166.91683859][164.71230938][160.29351417][157.98316014][159.40382436][156.06753544][156.95180878][159.32448583][159.10566648][159.78517843][162.7174007][163.23831598][162.74820758][162.41260725][162.07192999][163.61293663][164.74683949][164.77078536][162.67242644][160.54005351][159.71993931][161.51970563][163.9247598][163.52279646][166.67940647][169.77581536][170.78035483][171.23562867][170.00108029][169.01726992][169.10905197][167.60145333][166.41123146][166.01293252][163.22523515][160.34330981][160.31009785][160.11980371][159.04944345][158.44279076][157.91325683][158.09969578][160.02044911][163.40863221][161.43312007][160.70653174][162.69372956][161.3780586][162.53886705][163.45251735][164.68256329][167.32100471][168.27350015][167.18135953][166.10008177][165.76994867][165.42558724][164.69615833][165.49343633][165.54772705][164.2854743][161.65280846][162.01554569][160.71058178][161.52564356][163.18048536][163.24969145][164.26763488][165.08155181][166.12657114][166.47868429][165.74110284][166.4170583][166.14835308][167.42955266][169.0318727][168.70110907][166.46588646][166.25057996][164.9588342][162.75484751][162.72534079][161.92818738][162.85805013][163.71666468][163.99303138][166.38688227][167.22034459][167.77468259][168.32827159][168.11427909][167.14063633][165.87644868][164.34535975][162.70696848][160.09734679][158.6027799][156.75424446][157.70311275][156.55810032][155.81780776][156.01134262][155.62951945][156.01356785][155.01093904][155.81693018][155.79923772][156.07972439][157.52998644][158.58139352][157.6671853][157.59191132][157.23560028][156.24078397][155.56529632][155.77901557][154.59552444][153.98656544][153.84359508][155.28287951][156.21676904][160.6205912][161.33571865][161.73175887][163.08969992][162.86275099][160.14161457][160.42081062][159.99479936][160.97297009][160.75808463][160.46919759][158.76148189][162.80322176][163.83695316][163.4459586][164.51427933][165.33440247][166.53382694][166.62206183][165.02476171][163.96493402][165.23884195][166.68208789][166.99447593][168.02497933][167.00599448][166.311138][165.0956988][164.89831889][165.40653599][164.93955223][165.70939831][166.11698043][166.03459702][167.03892534][168.4436573][168.34344083][168.6828083][169.26995097][169.91857497][170.6106148][169.92093822][169.08648009][167.96989779][168.13896839][166.73758497][168.57296505][169.56941816][170.14584981][169.02227951][169.05744107][168.55136872][166.84544002][162.85734445][159.18146162][158.56000763][157.35958426][158.38064331][159.38988135][158.13821967][156.20970543][154.74699172][151.59615797][150.82481398][151.23187623][149.57682896][151.48660873][152.59295279][154.8055931][155.34074233][156.5667437][156.88633755][156.78858498][159.98908103][160.76242419][159.76167016][158.82892181][158.33164238][158.47771921][159.13691542][162.3306059][162.48257198][158.22485823][159.09518349][157.36661807][158.46727985][157.1219399][157.65541695][158.83086982][159.69723021][165.28385475][164.90723135][161.13895817][160.47444176][157.12177675][158.2083032][157.96558781][157.78854968][155.66568548][155.45869865][155.19886417][155.45522164][155.13361818][155.94275784][152.72647581][154.36809806][157.70004253][160.96415163][159.83409312][158.77354714][157.41387985][160.04538901][161.154706][158.55420106][157.00877456][156.55966579][156.56637102][155.2654586][154.48684473][154.69490676][154.92499834][157.8513562][157.54696131][156.95807809][155.79125579][160.44955086][160.06311258][161.86527991][163.73350382][163.39590839][165.40650469][165.98945018][166.4359101][168.75456355][168.0375079][165.13939932][166.63740476][170.1490024][171.91725825][171.01463784][173.4089306][174.22648063][176.61343593][177.76902893][179.64130059][180.72258163][180.98894198][181.03108588][180.85870608][181.44604797][180.40249117][179.45322443][180.07872766][179.68491178][180.11657013][182.81646624][184.04385859][184.71427576][184.51859287][185.01208756][184.76308453][185.42788133][184.4326641][185.68757383][186.03172572][185.81732494][186.52319701][187.12622561][189.07668518][188.96529704][191.75718883][190.5322846][191.54199293][191.64383498][191.14405492][192.98830301][191.7422956][192.39656629][192.69114939][194.01026835][193.14071056][195.66886189][197.52243405][197.18610935][198.44201925][196.16759659][198.98014608][199.01074584][201.42806705][201.97911678][204.94992464][205.89598957][205.25112547][208.27009844][206.23718393][202.85607723]
 Actual Values: 
 [133.4] [134.26] [133.74] [132.33] [134.0] [132.99] [135.35] [136.88] [134.98] [138.11] [140.08] [138.55] [137.79] [138.08] [138.93] [138.0] [142.8] [140.24] [139.37] [141.0] [141.43] [140.97] [143.65] [144.42] [144.0] [146.21] [147.19] [146.81] [148.61] [148.84] [149.86] [150.03] [148.98] [147.86] [149.27] [147.35] [147.9] [148.32] [147.11] [146.03] [146.62] [147.67] [144.45] [144.53] [143.56] [144.04] [144.38] [143.24] [144.3] [146.49] [144.79000000000002] [145.96] [145.7] [145.07] [145.56] [146.36] [145.7] [146.39] [146.55] [147.5] [148.24] [140.0] [140.1] [140.99] [139.32] [138.68] [139.77] [140.0] [139.09] [138.18] [138.58] [138.9] [140.75] [140.4] [141.67] [142.57] [141.97] [140.98] [140.77] [140.97] [140.07] [140.93] [138.93] [142.13] [143.41] [140.34] [139.02] [139.22] [139.73] [139.6] [139.41] [138.9] [137.54] [136.89] [138.25] [138.56] [139.49] [138.69] [136.37] [136.16] [136.83] [133.87] [135.84] [136.76] [135.8] [135.13] [135.7] [135.08] [135.84] [135.48] [134.78] [135.22] [135.79] [136.46] [135.33] [134.78] [135.04] [135.73] [135.62] [136.87] [137.91] [140.22] [141.33] [141.28] [141.0] [141.55] [142.5] [143.49] [143.91] [145.0] [146.82] [146.2] [145.45] [144.99] [143.86] [144.51] [142.73] [143.7] [142.65] [142.99] [143.85] [143.58] [143.27999999999997] [144.15000000000003] [143.84] [143.65] [143.83000000000004] [144.46] [145.47] [146.61] [144.48] [144.58] [143.07] [143.67] [145.5] [144.42] [146.26999999999998] [144.79000000000002] [145.66] [146.37] [145.24] [144.91] [143.32] [144.6] [145.03] [145.05] [145.17] [144.19] [141.97] [143.73] [144.15000000000003] [142.31] [142.43] [143.54] [143.62] [143.25] [143.9] [144.66] [145.43] [144.59] [145.18] [146.02] [145.89] [145.33] [145.99] [144.96] [144.08] [143.98] [144.18] [147.41] [148.34] [148.47] [147.41] [147.94] [147.21] [145.84] [145.52] [143.81] [145.48] [146.5] [147.0] [147.88] [145.43] [145.74] [145.84] [145.36] [145.47] [145.05] [146.68] [144.79000000000002] [145.35] [146.0] [145.66] [145.15] [144.37] [144.5] [144.33] [146.01] [149.85] [149.01] [149.61] [150.02] [150.15] [150.91] [150.83] [150.74] [151.0] [150.3] [151.77] [151.3] [151.45] [151.5] [151.04] [152.54] [153.05] [153.23] [152.36] [153.36] [152.81] [153.17] [152.57] [153.5] [153.89] [153.68] [153.59] [152.82] [153.65] [154.15] [153.47] [153.88] [159.85] [161.3] [160.96] [160.78] [159.69] [160.19] [159.68] [159.48] [159.38] [159.78] [160.02] [160.2] [162.53] [161.77] [161.26] [161.1] [160.83] [161.55] [162.1] [162.59000000000003] [161.89] [161.78] [160.89] [163.08] [163.33] [163.29] [162.19] [162.51] [161.5] [160.39] [161.3] [163.37] [163.36] [163.1] [162.21] [160.46] [161.47] [161.99] [162.79] [162.97] [163.41] [163.47] [163.45] [164.19] [164.04] [164.88] [165.56] [167.31] [167.96] [168.26] [169.07] [169.08] [169.04] [170.0] [171.43] [168.25] [167.8] [167.0] [167.64] [167.99] [169.75] [171.69] [164.23] [166.95] [166.7] [168.98000000000002] [167.21] [166.4] [162.41] [154.35] [159.59] [158.11] [155.16] [159.04] [159.27] [157.87] [162.01] [163.17] [162.82] [163.06] [161.61] [163.78] [164.49] [165.74] [163.72] [160.69] [160.26] [159.13] [163.55] [162.54] [166.06] [168.41] [171.13] [172.0] [171.19] [169.59] [169.36] [168.75] [167.18] [165.54] [164.68] [161.89] [160.18] [161.33] [159.76] [157.71] [158.95] [157.0] [157.09] [162.77] [162.47] [161.23] [162.03] [161.84] [162.22] [164.22] [164.55] [166.5] [168.88] [167.95] [166.61] [166.03] [166.56] [164.35] [164.58] [166.15] [165.94] [161.44] [162.61] [161.39] [159.85] [162.97] [163.65] [164.32] [165.13] [166.13] [166.27] [166.13] [166.45] [165.79] [166.77] [168.95] [169.73] [166.65] [167.0] [165.6] [163.74] [163.08] [162.68] [162.73] [164.31] [163.59] [165.16] [167.51] [167.73] [168.65] [168.46] [168.39] [166.49] [165.19] [162.92] [161.02] [159.83] [157.6] [157.72] [157.6] [155.83] [156.48] [155.57] [155.4] [155.07] [156.55] [156.19] [155.46] [157.66] [157.86] [158.41] [157.94] [157.56] [156.95] [155.39] [156.0] [155.1] [153.52] [154.38] [155.45] [155.29] [158.81] [161.57] [161.78] [161.5] [163.93] [160.9] [160.98] [158.92] [161.32] [161.27] [160.64] [159.91] [162.2] [162.9] [163.12] [164.93] [164.29] [166.3] [167.6] [166.12] [164.35] [164.79] [166.53] [167.42] [168.36] [167.56] [166.75] [166.11] [164.56] [165.3] [165.65] [165.85] [165.6] [166.36] [167.04] [168.29] [168.51] [169.22] [169.45] [169.6] [171.17] [170.49] [169.87] [168.65] [168.14] [167.0] [168.07] [169.7] [170.75] [169.06] [169.36] [168.48] [168.62] [164.53] [160.53] [159.31] [157.94] [157.1] [159.60000000000002] [159.97] [156.74] [156.0] [151.23] [151.64] [150.48] [149.74] [151.33] [151.06] [154.96] [155.25] [157.2] [156.32] [155.41] [159.26] [160.65] [160.41] [159.86] [157.93] [158.81] [156.08] [160.04] [163.51] [158.93] [158.69] [157.4] [158.67] [157.75] [157.06] [158.39] [158.71] [163.76] [165.59] [161.37] [161.48] [157.78] [159.44] [158.22] [158.03] [155.98] [155.67] [155.06] [154.79] [153.97] [154.54] [154.69] [150.57] [155.0] [160.88] [159.95] [157.39] [159.14] [158.07] [161.56] [158.35] [157.4] [156.55] [156.81] [155.76] [154.37] [155.07] [154.19] [157.01] [157.87] [157.73] [155.47] [160.0] [160.67] [160.42] [163.73] [161.77] [165.0] [165.75] [167.53] [168.01] [169.6] [165.16] [166.24] [169.26] [172.0] [170.92] [173.46] [173.28] [175.3] [177.53] [179.82] [180.49] [181.12] [181.18] [181.3] [182.46] [181.13] [179.87] [180.68] [180.45] [179.19] [182.21] [184.42] [184.58] [184.5] [185.19] [185.02] [186.44] [184.97] [184.21] [186.03] [186.35] [187.03] [187.4] [188.72] [189.08] [192.15] [191.3] [191.86] [192.19] [192.25] [193.55] [191.93] [192.88] [192.49] [194.44] [193.3] [194.53] [198.14] [198.07] [197.43] [196.59] [197.45] [199.41] [200.33] [203.0] [204.35] [206.72] [202.46] [207.5] [207.29] [204.07] [200.29] 
 ---------