Company Name: Alexandria Real Estate Equities 
Ticker Symbol: ARE 
sentiment1: ‘Wrong Side of History’: In Queens, Amazon Deal’s Demise Reveals Deep Divisions 
 Division in Queens: Did Outsiders Sabotage a Good Thing? 
 published on 2019-01-01 
---sentiment2: Lessons From The Retirement Ready 
 Ann Dwyer,  Thomas Dunn 
 published on 2019-05-08 
---sentiment3: Ann Dwyer, Thomas Dunn 
 Investors  Eagerly Await Rules On Zones 
 published on 2018-10-26 
---sentiment4: Investors Eagerly Await Trump Rules on Opportunity Zones 
 At Last, Apartment Towers for the Astoria Waterfront 
 published on 2019-05-08 
---sentiment5: Apartment Towers for the Astoria Waterfront 
 A Suburb More Homey Than Polished 
 published on 2019-02-20 
---
Current Value: 139.73 
Prediction: Decrease 
Perecent_correct: 0.7154150197628458 
Predicted Values: 
 [85.30656128][84.9552065][85.04008965][85.14247499][85.0486213][85.04222769][85.41179358][85.48917363][85.39244878][86.18880102][86.20018294][86.16641789][86.48904897][86.58381569][86.4068799][86.43011508][86.81812514][87.04291217][86.67982675][86.44764301][86.12221719][86.29573033][86.27691077][86.03647401][86.45978097][86.98858323][87.5965525][87.91975686][87.94039674][88.74048243][89.04919402][88.52408417][87.93748372][87.60914641][87.6686816][87.95778463][87.75886614][87.82651727][88.13198315][88.46243524][88.21708188][87.98462461][87.90511023][88.06082569][87.3851969][87.75096944][88.27284217][88.76144269][88.67408205][88.4352721][88.23729485][88.40919471][88.4980246][88.5347487][88.84897358][89.01629004][89.07779845][89.11427695][89.10642244][89.10642244][89.3903511][89.93195627][90.04260701][90.1135967][89.80553503][89.84449516][89.63236287][89.53214426][89.06785106][89.23448729][88.82527273][88.4092991][88.30823506][88.43611039][88.38769391][88.69686292][88.74064742][89.19689353][89.2727259][89.28585229][89.87498055][90.38565777][90.75372373][90.95014519][90.46882006][90.16658186][89.72953737][89.78299699][89.65008829][89.70010655][89.93478017][90.15439744][90.21046931][90.437412][90.42205673][90.05713782][89.41848747][89.3899791][88.7217349][87.59800363][87.37809789][87.71872504][87.04101498][86.56959205][86.09809224][85.29474057][85.05839751][85.24818905][85.31467751][85.77228493][85.6596944][85.32638539][85.40413015][85.55562024][85.69744919][85.65386906][86.73940083][87.79652157][88.38167059][88.94346618][90.24981866][90.61852505][90.64589146][91.16291721][91.03258765][91.87116799][92.32332181][92.82063957][92.77997342][92.66563276][92.78763856][92.4684079][93.39265229][93.14825614][93.74207389][93.92941855][93.74470724][93.12320579][92.84737909][93.4338007][93.90182242][93.37474623][93.39265229][93.14940986][93.04116491][93.31253069][93.11067593][92.2312038][92.49316381][93.67264415][94.15160787][95.08848879][95.95983526][95.76965279][96.11371457][96.33757522][97.38697524][97.69845982][98.5582519][99.7406094][99.26406068][131.83313912][98.23477735][97.33708729][96.95769629][97.73206852][98.55083115][98.35870313][98.98738853][99.36050421][98.95050209][99.20532546][99.06642685][99.1712239][99.10127089][99.00109392][99.75780633][100.39752431][101.32156728][102.30775553][102.36627324][102.97237786][103.19367171][103.36871223][104.09070815][104.87751254][105.08094753][104.47863508][106.10332699][106.91962892][107.73462947][108.05414335][107.93500053][107.52782409][106.95632844][105.92153529][105.95907491][105.23553671][105.34127107][104.47532659][103.33589034][103.51715718][103.79570635][104.46982214][104.3546839][103.8081303][104.44051553][104.36091023][104.43762282][105.54832905][105.25331305][104.99831804][104.28987912][104.44512562][105.63160018][105.95243391][105.88898179][106.40233589][104.46627884][104.03900912][103.70674689][103.52131229][105.44966234][105.72413379][106.10852248][106.09556804][107.20731476][107.70933613][109.6201986][110.21947283][109.71608583][108.76438558][107.00177029][105.90702726][106.90657974][107.06323759][106.17692697][105.61586285][105.9662759][105.56682558][104.78394655][104.07925158][104.03105744][103.65478274][103.44167706][102.72854803][102.11007788][102.06230356][102.23656787][102.72589142][102.7016863][102.84580275][103.25453878][103.16510511][102.87673894][101.78965358][101.53902345][102.14039007][102.63734208][101.64761056][100.32455885][100.7013876][102.77529629][101.84831675][101.26451931][101.50294883][101.80717147][102.99864036][103.13134779][103.40012865][103.6055501][103.29167726][102.6399484][102.25782905][103.03818045][103.37123561][102.80686781][102.54575189][102.1757332][101.36324904][100.84871564][99.71311642][99.83135985][99.70991046][99.80956323][100.90996897][100.86380563][100.47795542][100.89938068][101.5905367][102.31399521][102.23246623][102.18877077][101.53365938][100.39168031][99.20627597][98.4449741][97.92978319][97.5109701][98.11894832][99.14172275][99.01778432][100.16492068][100.12753101][100.10253061][99.98163085][100.56719876][100.50516012][100.61434486][101.3097416][101.47526711][101.19483824][101.37622729][101.85892493][101.89419477][101.4924836][101.94823801][101.60600505][102.29267689][102.24114183][102.2975804][102.66564691][102.69693514][102.35624014][101.58072934][101.56650974][101.71241678][101.71038591][101.32805907][101.33676566][102.16862361][103.27486198][103.59659339][103.38090148][103.4682281][102.35247596][99.25381178][98.25679467][97.26701662][98.14445758][98.11200935][97.30532143][94.83083203][95.16149153][95.66106879][94.26590545][94.67479494][94.91107411][94.58585297][95.49655677][96.35989986][97.0339904][98.03863151][99.14543327][98.72498586][98.90621904][97.98652584][98.63624929][98.79534086][98.2376687][96.56809444][95.58106796][95.5482278][94.86309755][95.11402778][96.92652284][97.36874245][97.81152056][99.82483242][100.12527909][99.76930857][101.06657246][101.50206554][101.87389541][101.94875826][102.8653077][103.93945013][103.5610396][102.32497599][99.88697397][99.56762783][98.91706873][99.56382478][100.17707936][99.65779821][100.09217502][100.2582809][100.49912579][101.47546586][100.16759084][97.73819656][97.94984566][98.74822474][98.62937686][98.01726087][97.83498834][98.14864634][98.58145066][99.50624928][100.3001786][100.69169004][100.61009006][100.82672824][101.31557947][101.5804566][101.78799215][101.34075168][99.86986065][99.79807755][99.81807875][99.70202663][99.34765837][98.66603832][98.24145096][98.26123472][99.10754924][99.99944683][100.53854016][100.10516156][100.43623573][100.57784097][100.50424462][100.43676918][100.6528319][101.16724434][101.00941381][100.40216158][98.91426891][99.44454503][99.35047539][97.50301394][96.52136615][95.30995302][94.52703357][93.22043561][91.82975507][90.76872516][91.64147409][89.19595663][87.92121964][88.83575478][89.13388341][89.21588182][89.06723564][89.07113538][89.78129655][89.39228017][89.10468311][87.52993288][87.94235665][87.72733142][86.74655886][84.73252971][84.30526494][83.64097931][83.92526788][84.90965888][85.86140901][86.1276916][86.14248274][87.20554334][87.40298145][87.19078537][88.76299735][89.50841549][89.75652186][91.22281445][91.55654941][92.47513535][93.45335435][93.66166575][93.55688501][93.74858476][94.30453156][95.11256941][95.51028217][96.26008165][96.93725487][98.36441908][98.5161783][97.80750301][97.77614549][98.01351522][97.93549815][99.04404682][99.68671817][100.15515363][100.04538272][99.89025403][100.21702921][100.12091176][99.95259267][99.46697144][100.2672798][100.43222239][101.27964743][101.57717295][101.44917589][102.39490155][102.83030544][102.94243286][102.15822895][101.27595296][101.49708359][102.00785584][102.60279739][102.71916626][102.61263839][102.30896616][102.84432314][102.48260055][103.34431171][104.18545016][104.27597272][104.98396661][105.00889343][104.04410263][102.95339252][103.43203925][104.63283729][104.41226362][103.70937399][102.49892498][103.83397642][104.54827774][106.04893467][106.59884293][106.09990838][105.37747157][105.40887368][105.1361297][105.54727647][106.42342113][106.06467149][105.47037267][105.49170984][106.23768897][106.80157137][107.2634462][106.68425009][106.82928204][106.83721095][106.81416528][107.08250237][106.57620281][106.76039378][107.48227913][107.22972674][107.39680315][107.71244313][109.31770483][110.75571735][111.91473898][112.33373745][112.64310244][109.49758203][110.42755648][111.31000884][111.3231644][111.80005686][111.79185229][111.35625253][111.9497172][112.426931][113.42260501][114.04010455][115.41951226][116.28315772][116.61466039][116.28816791][117.28642168][118.84439472][119.29011659][118.27668023][117.3848527][118.73404014][118.85013416][118.8441364][119.14507343][119.06718147][118.1328457][118.65927122][118.9002198][117.40149367][116.86631466][116.99058747][116.75436884][116.75353084][117.00504651][116.56114371][116.55734617][116.35479907][116.58124548][117.13051564][117.15364045][117.13597146][118.34869442][118.99007143][120.32303679][120.58008272][117.36500815][115.24648043][114.39459899][112.70953433][113.03751932][113.3592718][114.83106547][115.62227747][116.75117881][119.17561636][119.73185019][120.16565658][120.35415792][119.22360127][118.15387052][116.86115866][114.9400123][113.47121829][112.88257918][111.4818763][112.30251046][112.09324423][111.48283026][110.75805233][111.49314129][111.9786618][111.88808413][112.67675305][112.67301612][113.49810374][113.76027317][114.86586716][114.39105945][113.96232556][113.18815226][112.89990631][114.47585577][115.27035412][113.84694781][111.85450547][110.75576358][113.08393947][114.22082157][114.96908061][115.56198308][113.41618533][113.11972635][114.50614633][114.13966273][114.66364406][114.84904493][115.58671957][117.44133298][117.25270829][118.47687412][119.07697358][119.30527363][117.46285014][115.71505258][116.06484022][117.10287818][117.86881725][118.01685592][117.49208704][117.43917406][116.69723726][116.81973343][115.54451729][114.41266719][115.05640949][116.47903927][117.44700926][117.55738722][115.90375252][116.1730919][116.93427037][115.95519399][116.89566526][118.143026][118.30995716][119.25454908][119.61320791][119.31633402][118.88744259][117.87901135][117.70614892][117.06110477][116.51527664][117.1708782][117.86874995][117.5176146][117.77053059][119.47290122][120.55521776][120.46174776][120.28247722][119.98464826][118.98988831][118.56328073][117.07711293][116.05139312][117.40768689][118.82980404][119.86962298][120.73887478][121.42213725][121.18937499][121.11248013][121.05386721][121.42454352][122.11806447][122.34604018][123.80756578][124.80187808][124.95296685][125.63322336][126.26409305][125.8403901][124.9135831][123.80895772][123.295083][123.53718174][123.39710781][122.61355577][121.54582452][115.79632977][116.46896165][115.84387107][116.93004296][117.20475134][117.40004302][117.32738018][117.88117017][118.18070714][118.77672529][118.74431634][117.698324][117.58964193][116.82605334][116.88941587][117.26085245][117.4805375][118.03576109][118.17864528][118.68474092][118.91985665][119.1742718][119.98597603][120.26934414][120.34030313][120.9958983][121.57995909][121.92674926][122.12210698][122.08673088][121.72836792][120.52881178][120.50976803][120.1583796][119.25583736][119.48522342][121.22206449][120.71387361][120.29307645][121.36110242][121.40449448][120.82368435][120.76181366][121.14860722][122.00519601][122.46201387][122.30900084][122.81328726][123.11545488][123.64382265][124.16721828][124.60591417][124.56292514][124.40340242][123.5296732][123.39348629][123.28339458][123.58017573][125.5088192][126.09008601][125.67854886][124.77976799][124.87649409][124.74528116][124.70267171][124.5977272][125.43565972][124.95573646][124.59435987][124.7198679][125.20088962][125.1014811][126.2236074][126.51309108][126.82636166][127.15770725][126.74421482][125.62157699][125.99169223][126.66450844][126.63421925][125.43386259][124.38367564][124.37000183][123.86248087][125.03694119][124.99486455][125.4328485][126.45466409][126.66751594][127.27155755][127.90496926][127.47329691][126.58897493][126.38375587][126.40972605][126.4752677][126.50732595][126.72110439][126.85277529][126.449313][126.62439186][126.85277529][126.32694618][126.22099439][126.58428219][126.1103789][125.64265288][126.90423762][127.09572153][127.45419783][127.56682504][126.57063686][126.5081341][126.51610698][126.38854592][127.17175458][127.04019543][126.00806138][125.20601907][125.11915877][126.59354404][127.10715292][126.90368798][126.68154918][126.30274823][125.69759695][126.10027346][126.2760765][125.55362157][126.14056823][126.37540933][126.33717023][126.04821803][125.76885584][125.41321487][125.09410243][124.733083][124.98179148][124.390134][123.44571498][124.42167748][125.09112762][124.98191617][125.51762375][126.16174574][126.04714922][126.49768896][127.18201702][127.94485651][128.63770893][129.36266087][129.11886203][129.0774101][128.9058984][128.81967421][128.4328889][127.91434586][127.60519282][127.7266742][127.87267069][127.72380737][127.5094497][128.51649814][130.33295079][130.37075436][130.18557672][130.85585331][131.14793618][131.28058423][131.20307376][131.28615489][131.8438755][131.50110632][130.54201975][130.62731279][131.05597754][131.38194472][132.3720387][132.39316384][132.01814228][132.31165035][131.87827542][131.58880823][132.00384158][133.17301138][134.3937131][132.85972557][131.70431651][132.62125008][134.22844543][134.83425793][135.51360748][135.89077733][136.40228892][136.92496532][138.04524883][137.41519088][135.19812202][133.74788087][134.01373766][134.71739732][135.66672143][135.26068262][135.25229053][135.11667799][134.47467621][131.77579068][132.14244971][132.44994524][131.87317219][130.99022243][130.90985663][130.32197453][130.68603554][130.76901943][130.66566216][130.95588363][131.79709122][132.45199423][132.19415961][131.78926992][131.95255397][130.717712][130.83342055][133.17330442][133.18287979][129.9375726][128.17434729][125.15151541][125.19379952][123.8655722][123.64296857][125.04177547][125.7779846][125.71102008][126.95170584][128.02549029][127.86605092][125.81913532][125.7098965][127.46459985][128.67065769][127.96672292][127.47640813][127.66744925][128.52150534][129.74455812][130.47022874][130.73536697][131.09049203][131.22798179][131.18815297][131.71497802][131.78332711][131.96024019][132.65201011][132.77544364][132.1952181][131.08562395][129.50405548][126.67230978][126.40150979][128.0235029][128.44685024][129.78507293][129.19983987][128.1367715][129.06324525][129.44482595][128.5011076][127.58987511][127.46507237][127.05623513][126.7756481][127.29448541][128.34464374][129.53521468][129.87512087][128.69709972][127.60687702][127.18537932][127.43717066][127.34663723][128.58501645][129.7081328][130.189467][133.2616293][133.15815608][132.0764086][132.85222168][134.27117289][133.56559759][134.08151795][134.51687691][133.85692551][132.65814096][130.8235418][129.208088][192.81227831][127.17808012][128.47543781][129.01511583][130.41309098][130.37767121][129.18752636][129.2572896][130.49585211][130.17409667][130.61889046][131.7955246][132.24718537][131.3844445][131.63538022][131.8967333][131.58593545][131.33899288][131.56374397][132.17492348][132.89832305][132.02766065][131.40642831][131.6088592][131.58266474][132.04389012][131.78220028][131.09934483][130.70065518][130.74692423][131.55754167][131.05924433][131.5990585][132.28014832][132.8752482][133.05551889][132.70106702][132.83705096][132.97557346][132.9952397][132.22065159][131.67730029][130.90421921][131.60780648][131.0013262][129.59841873][128.71722054][128.70298296][128.9972563][128.73499392][128.17561208][131.51843743][132.42101603][132.11305742][131.91166399][132.80465296][132.54437571][132.34299453][131.63032572][131.07097051][130.24690516][129.75687304][131.10170813][132.84731218][134.00218517][134.331016][132.8086061][132.0001917][131.89021644][131.61622445][131.7351772][132.52662218][133.2458983][132.76219538][132.89609102][132.30218731][131.84774903][133.20752738][132.46625777][132.62786767][132.49107176][132.72651745][132.89424219][132.31297384][132.31742292][132.22590909][131.44307995][131.09832571][131.91696169][131.02497716][129.35199463][128.55465249][128.31733734][130.02141207][130.08630243][128.90586427][128.93439963][128.12600753][128.54692405][130.01879151][130.77510475][130.73948341][128.62787903][126.41440503][126.81193453][128.34784503][128.58352661][128.15531732][127.8837905][127.60582986][127.37347629][128.68804561][129.63729602][128.50788416][128.28387962][130.60943931][128.93801205][128.29802391][127.21699957][127.57705338][128.74463039][129.95955648][130.39739148][130.18818308][129.98882193][129.25765003][129.31048579][128.09564235][127.82930122][128.50895807][127.31444527][127.43031837][127.41917308][128.24774539][128.08386917][128.97369681][128.79670719][129.52079502][130.99884615][130.42000452][130.94984322][131.73686417][131.2468414][131.21178371][129.58534711][128.43158279][128.337466][127.40161503][125.93571437][126.31234629][125.04395053][123.35736474][120.22564406][119.54863368][120.52958229][120.9228415][121.20946094][119.86681007][119.22853396][120.29328523][120.76865545][122.4241413][123.39823016][124.73521356][125.83685984][125.55640143][126.14347925][127.13931641][127.84056869][129.32148979][129.51322784][129.52788878][128.92899156][130.05882297][130.86471506][132.33829864][133.75019488][135.34087506][135.9010783][135.21458591][135.51603713][134.01702349][135.91331809][136.77566274][137.40646107][137.59019431][137.83068663][138.42316345][138.76024326][139.54777183][139.20791586][139.11122962][140.39986978][140.4222337][140.1055949][139.33664313][140.05712904][139.99792344][140.52636003][141.1673367][141.40039856][141.21277472][140.95315501][142.5196293][143.59896756][144.49975951][144.78479607][144.67557761][144.20250357][143.49635973][143.64863941][144.91750305][145.5320583][145.04857488][146.16074226][146.52311276][145.92629598][146.0236008][145.45443339][145.84572284][146.3444393][146.27860801][146.5602803][146.94530975][146.36143426][146.64630629][146.80756861][146.94926447][146.91512377][145.34811611][141.97129278][141.92714251][141.68350291][143.24402561][145.02466699][145.4286709][146.27984666][156.2350137][160.00710644][145.81035609][216.97345538][224.02290468][293.84953613][144.120738]
 Actual Values: 
 [73.55] [73.55] [73.9] [73.53] [73.76] [73.47] [73.96] [73.0] [74.89] [74.73] [74.8] [75.19] [75.37] [75.08] [75.05] [75.27] [76.05] [75.58] [75.36] [74.97] [74.85] [75.24] [74.79] [75.02] [75.45] [75.92] [76.86] [76.86] [77.13] [78.38] [77.81] [77.07] [76.6] [76.25] [77.1] [76.75] [76.66] [76.83] [77.52] [77.49] [77.04] [76.86] [76.98] [76.43] [76.28] [76.91] [77.89] [77.58] [77.69] [77.08] [77.48] [77.52] [77.09] [78.04] [78.21] [78.3] [78.41] [77.69] [77.69] [78.55] [79.02] [79.45] [79.43] [79.16] [78.84] [79.09] [79.01] [77.22] [78.45] [78.14] [77.71] [76.98] [77.59] [77.3] [77.89] [77.87] [77.98] [78.31] [78.79] [78.53] [79.79] [79.87] [80.48] [80.01] [79.71] [78.93] [79.18] [78.91] [78.83] [79.21] [79.39] [79.53] [79.47] [79.63] [79.63] [78.83] [78.29] [78.56] [76.57] [76.08] [76.68] [76.33] [75.42] [75.18] [74.26] [73.38] [73.76] [73.33] [74.52] [74.75] [73.67] [74.0] [74.33] [74.21] [74.2] [74.33] [76.18] [77.11] [77.61] [78.55] [79.6] [79.56] [81.0] [80.07] [81.06] [81.67] [82.42] [82.46] [82.14] [82.61] [82.22] [82.99] [82.36] [83.24] [83.89] [83.7] [82.91] [82.49] [82.25] [83.78] [83.32] [82.99] [83.08] [82.47] [83.1] [82.97] [81.9] [81.84] [82.56] [84.05] [83.99] [85.89] [85.49] [85.54] [86.4] [86.85] [87.82] [87.84] [89.61] [90.24] [89.58] [88.71] [88.09] [86.77] [87.47] [89.12] [88.76] [88.85] [90.19] [89.48] [89.57] [89.09] [89.46] [89.83] [89.11] [89.31] [90.65] [91.55000000000001] [92.57] [92.85999999999999] [93.77] [93.75] [93.9] [95.39] [95.29] [96.68] [95.53] [96.66] [98.34] [98.35] [99.94999999999999] [99.74] [99.22] [99.18] [97.56] [97.16999999999999] [96.72] [96.47] [96.59] [94.23] [94.41] [94.89000000000001] [94.86] [96.07] [94.89000000000001] [94.75] [96.1] [94.85] [96.23000000000002] [97.01] [95.73999999999998] [95.66] [95.2] [96.17] [97.0] [97.21000000000001] [97.42] [96.34] [95.02] [95.05] [94.1] [95.82999999999998] [97.47] [97.22] [97.25999999999999] [97.7] [98.99] [99.9] [102.14] [102.06] [101.18] [98.97] [97.24] [97.74] [98.83000000000001] [98.08] [96.60999999999999] [97.1] [97.6] [95.94] [95.9] [95.07999999999998] [94.80000000000001] [94.84] [93.91] [92.7] [92.93] [92.94999999999999] [93.46000000000001] [93.69] [93.6] [94.0] [94.47999999999999] [93.4] [92.91] [92.5] [92.45] [93.69] [93.02] [90.94] [90.51] [93.18] [93.34] [91.12] [92.65] [91.69] [93.64000000000001] [93.62] [94.28999999999999] [94.58] [94.55] [93.38] [93.19] [93.36000000000001] [94.47999999999999] [94.43] [92.94] [93.28] [92.68] [91.37] [90.4] [90.07] [90.49] [89.93] [90.86] [91.57] [91.16] [91.2] [92.11000000000001] [92.71] [93.02] [93.32] [92.33] [91.57] [90.0] [89.09] [88.25] [87.84] [87.93] [89.94] [88.81] [90.06] [90.4] [91.16] [90.2] [90.79] [91.03] [90.99] [91.64000000000001] [92.57999999999998] [91.75] [92.08] [92.08] [93.39] [91.75] [92.81] [91.50999999999999] [92.64] [93.43] [93.34] [92.87] [93.59] [93.54000000000002] [92.55] [92.22] [92.88] [92.03] [92.19] [91.66] [91.95] [93.76] [94.45] [94.1] [94.34] [93.87] [89.91] [89.97] [87.44] [88.5] [88.38] [88.4] [84.82] [84.9] [85.59] [84.62] [84.52] [85.31] [84.05] [84.33] [86.53] [86.67] [87.53] [88.88] [88.68] [88.86] [88.71] [87.76] [89.44] [88.48] [87.06] [85.46] [86.06] [84.99] [84.2] [86.29] [87.48] [87.59] [89.59] [90.89] [90.17] [91.25] [92.47999999999999] [91.94] [92.43] [93.06] [94.38] [94.97] [94.43] [90.32] [90.66] [89.19] [89.82] [90.42] [90.37] [89.59] [90.44] [91.12] [91.50999999999999] [91.59] [88.44] [87.5] [89.17] [88.92] [88.93] [87.46] [88.19] [88.68] [89.53] [90.71] [90.93] [90.72] [91.66] [91.62] [92.68] [92.09] [92.74] [90.83] [89.57] [90.67] [90.0] [89.98] [89.27] [88.36] [88.54] [89.23] [90.01] [91.14] [90.97] [91.19] [91.47] [91.25] [91.25] [90.83] [91.41] [91.91] [91.45] [89.67] [89.22] [89.71] [88.09] [87.13] [85.55] [84.99] [83.71] [81.45] [79.92] [80.55] [79.41] [76.94] [77.31] [78.26] [77.72] [78.31] [78.24] [78.55] [78.27] [78.9] [76.58] [76.06] [76.57] [76.16] [73.86] [72.48] [72.25] [72.68] [72.33] [74.1] [74.44] [74.32] [75.73] [75.92] [75.72] [76.7] [78.34] [78.75] [79.64] [80.96] [81.05] [82.5] [83.56] [83.4] [83.22] [84.27] [84.61] [85.32] [85.09] [86.54] [87.75] [88.76] [88.0] [87.44] [88.21] [88.11] [88.68] [89.3] [91.12] [90.31] [90.43] [90.79] [90.51] [90.8] [90.03] [90.32] [91.12] [91.13] [92.75999999999999] [92.13] [92.47999999999999] [93.85] [93.91999999999999] [93.77] [92.11000000000001] [91.35] [92.41] [93.4] [93.63] [93.15] [93.28] [92.73] [93.04999999999998] [92.65] [95.19] [95.4] [95.99] [96.55] [96.0] [94.13] [93.7] [94.78] [95.88] [94.76] [93.4] [93.94] [95.93] [96.42000000000002] [98.03999999999999] [98.26] [96.54] [96.56] [96.32] [96.48] [97.46] [97.92] [96.9] [96.47] [97.0] [97.62] [98.77] [98.35] [98.03999999999999] [98.12] [98.3] [98.9] [97.94999999999999] [98.17] [98.94] [97.43] [98.92000000000002] [98.74000000000001] [100.32] [101.73] [103.82] [104.18] [104.57] [101.29999999999998] [101.82] [103.13] [103.8] [103.56] [103.83] [103.37] [103.75] [104.53] [105.25] [105.56] [106.92] [108.99] [109.59] [108.92] [108.69] [111.16] [112.35] [112.1] [109.51] [111.24] [112.5] [111.3] [111.97] [112.8] [111.65] [110.8] [112.68] [110.52] [109.98] [109.62] [110.02] [109.28] [109.99] [109.77] [109.26] [109.5] [108.93] [109.97] [110.19] [110.23] [110.54] [112.05] [112.43] [114.15] [112.25] [106.08] [108.42] [104.7] [105.09] [104.96] [106.67] [108.7] [108.38] [111.36] [112.33] [112.91] [114.38] [111.91] [112.15] [110.3] [108.31] [106.02] [106.04] [102.95] [104.62] [104.07] [104.03] [102.0] [103.13] [103.74] [103.86] [104.81] [104.81] [105.15] [105.53] [108.08] [106.28] [106.82] [106.02] [105.25] [105.68] [107.44] [107.22] [105.02] [102.55] [104.53] [106.15] [104.7] [109.1] [105.91] [104.36] [106.8] [106.46] [106.82] [107.51] [107.89] [109.04] [109.65] [110.86] [112.05] [112.26] [110.82] [109.07] [107.99] [109.75] [110.5] [111.04] [110.28] [110.62] [109.38] [110.16] [109.01] [106.92] [106.66] [108.72] [109.64] [111.2] [108.95] [108.54] [109.44] [108.75] [108.71] [110.66] [111.85] [110.82] [112.6] [112.63] [112.66] [110.88] [111.27] [109.73] [109.18] [109.51] [110.5] [110.9] [109.98] [110.95] [113.52] [114.23] [113.51] [113.56] [112.23] [111.71] [110.65] [108.72] [110.0] [110.89] [112.68] [113.28] [114.79] [114.92] [114.96] [113.9] [114.74] [115.4] [115.62] [116.33] [118.62] [118.92] [118.87] [120.31] [120.48] [119.48] [117.99] [116.31] [117.03] [117.38] [116.66] [115.68] [107.87] [109.26] [109.0] [108.42] [110.19] [110.0] [110.45] [111.11] [111.18] [111.2] [112.12] [110.61] [110.55] [109.6] [109.66] [109.84] [110.15] [110.7] [111.27] [111.17] [112.33] [111.75] [112.83] [113.54] [113.62] [113.62] [114.96] [115.27] [115.66] [115.93] [116.44] [113.35] [114.01] [113.65] [112.67] [112.79] [114.27] [114.75] [112.63] [114.67] [114.92] [114.6] [113.16] [113.86] [114.91] [115.86] [116.2] [115.69] [116.41] [116.94] [118.03] [118.1] [118.56] [119.02] [117.45] [117.33] [117.34] [116.51] [118.77] [120.25] [120.46] [118.63] [119.01] [118.59] [118.8] [118.45] [119.95] [118.67] [119.0] [118.08] [119.38] [119.27] [119.17] [120.74] [121.0] [120.9] [121.3] [120.07] [119.24] [121.0] [120.95] [120.23] [118.15] [118.73] [117.46] [118.63] [119.19] [118.77] [120.02] [121.14] [120.91] [122.08] [122.03] [120.99] [120.83] [120.29] [120.47] [120.83] [120.77] [120.92] [120.54] [120.34] [120.92] [120.66] [119.99] [120.59] [120.6] [119.68] [120.06] [121.45] [121.73] [121.86] [121.39] [120.28] [121.05] [120.03] [121.23] [121.9] [120.7] [119.36] [118.56] [119.72] [121.37] [121.44] [120.94] [120.51] [120.03] [120.01] [120.57] [119.77] [119.42] [120.51] [120.52] [120.42] [120.01] [119.51] [119.59] [118.29] [118.89] [118.63] [116.98] [117.46] [119.19] [119.01] [118.99] [120.13] [119.92] [120.37] [121.19] [122.1] [122.57] [124.28] [123.48] [123.12] [123.61] [123.55] [123.44] [122.58] [121.65] [121.94] [122.75] [121.58] [122.02] [121.28] [124.68] [125.19] [123.97] [125.2] [125.71] [125.73] [125.89] [125.55] [127.01] [126.52] [126.21] [123.92] [125.64] [126.13] [126.6] [127.39] [127.0] [127.23] [127.13] [125.8] [126.75] [127.56] [129.97] [129.0] [126.4] [126.94] [128.76] [130.23] [130.15] [131.18] [131.98] [132.25] [133.58] [133.79] [131.515] [129.03] [128.8] [129.56] [130.94] [130.77] [130.73] [131.0] [130.15] [125.36] [126.9] [127.37] [127.24] [126.29] [125.94] [125.1] [125.28] [125.46] [125.47] [125.68] [125.96] [127.3] [127.41] [126.5] [127.26] [126.21] [125.45] [125.87] [129.7] [124.46] [123.94] [119.11] [118.2] [118.59] [115.83] [118.81] [118.85] [119.34] [120.57] [121.9] [122.28] [120.57] [119.07] [120.5] [123.17] [123.15] [121.3] [120.81] [122.24] [122.77] [124.91] [124.96] [126.16] [126.27] [125.95] [126.26] [126.84] [126.59] [126.7] [128.25] [127.36] [126.4] [124.78] [122.06] [119.74] [121.61] [121.78] [123.78] [124.84] [122.03] [122.29] [124.71] [123.54] [122.17] [122.02] [121.33] [121.35] [121.07] [122.41] [123.23] [124.44] [123.99] [122.33] [121.38] [121.74] [121.39] [122.12] [123.26] [125.28] [125.62] [128.75] [127.21] [126.74] [129.18] [129.07] [128.64] [130.0] [129.6] [128.19] [126.57] [124.45] [122.64] [121.71] [122.04] [123.31] [123.78] [125.98] [123.91] [123.1] [124.62] [124.65] [125.24] [126.04] [127.47] [126.17] [126.84] [126.23] [127.31] [125.01] [126.79] [126.01] [127.91] [127.12] [125.98] [126.14] [126.69] [126.99] [127.31] [126.19] [125.9] [124.16] [126.04] [125.9] [125.75] [126.79] [127.9] [128.19] [127.96] [127.11] [128.34] [128.02] [127.5] [127.1] [125.57] [125.36] [126.51] [124.57] [123.62] [122.72] [123.62] [123.81] [122.5] [123.83] [126.2] [127.42] [126.05] [127.49] [127.84] [127.68] [126.61] [126.2] [125.31] [124.28] [124.58] [126.52] [128.57] [130.42] [127.86] [127.19] [126.73] [126.39] [127.0] [126.28] [128.65] [128.17] [127.48] [128.07] [125.49] [127.79] [128.0] [127.54] [126.77] [128.02] [128.0] [127.66] [127.05] [127.57] [126.8] [125.47] [126.03] [126.46] [124.32] [123.29] [122.12] [122.85] [125.38] [123.48] [123.4] [122.46] [122.82] [123.05] [125.16] [125.39] [125.0] [120.71] [119.5] [121.54] [123.34] [122.51] [121.95] [122.66] [119.94] [122.28] [123.33] [123.97] [122.0] [124.22] [124.25] [122.65] [122.29] [120.56] [122.75] [123.59] [124.87] [125.05] [124.47] [124.19] [123.97] [123.08] [121.39] [123.19] [121.97] [120.69] [121.82] [122.35] [122.67] [122.53] [124.0] [123.07] [125.97] [125.99] [123.47] [126.81] [126.21] [126.27] [125.6] [121.67] [123.03] [122.94] [119.32] [120.48] [119.93] [117.63] [115.39] [110.86] [113.12] [114.63] [114.0] [114.28] [111.35] [113.09] [113.49] [114.67] [117.1] [117.2] [119.45] [119.95] [119.37] [120.57] [121.54] [123.35] [123.95] [124.32] [123.67] [123.79] [124.85] [126.21] [128.31] [129.08] [131.76] [130.38] [131.74] [129.53] [128.9] [132.21] [132.26] [133.71] [131.95] [134.42] [134.49] [135.15] [135.42] [134.4] [135.8] [136.97] [136.32] [135.2] [135.08] [136.1] [136.34] [136.95] [137.56] [137.71] [136.46] [138.17] [139.66] [140.51] [141.14] [141.86] [140.82] [140.26] [139.7] [139.86] [142.16] [141.76] [141.86] [143.81] [142.28] [143.28] [142.63] [141.86] [143.08] [143.43] [142.9] [144.17] [143.46] [143.48] [143.98] [143.57] [144.25] [143.68] [139.45] [136.5] [138.34] [138.28] [140.95] [141.72] [143.1] [143.15] [141.47] [142.56] [142.18] [141.03] [141.19] [141.55] [139.73] 
 ---------