Company Name: Alphabet Inc Class C 
Ticker Symbol: GOOG 
sentiment1: How Google Protected Andy Rubin, the ‘Father of Android’ 
 How Google Has Protected Its Elite Men 
 published on 2019-01-11 
---sentiment2: Mueller Report, Brexit, Boeing: Your Monday Briefing 
 Schmidt Set To Step Down As Chairman Of Alphabet 
 published on 2019-04-25 
---sentiment3: DealBook Briefing: Congress Might Just Keep the Government Open 
 Stodgy Real Estate Funds Get Another Look 
 published on 2019-02-22 
---sentiment4: Eric Schmidt to Step Down as Alphabet’s Executive Chairman 
 Google Workers Plan Walkout To Protest Harassment Culture 
 published on 2019-03-04 
---sentiment5: Real Estate Funds Have Been a Balm in a Stinging Market 
  Google Finds Equity Gap, But for Men 
 published on 2018-10-31 
---
Current Value: 1172.01 
Prediction: Decrease 
Perecent_correct: 0.6354679802955665 
Predicted Values: 
 [542.45136937][546.82433423][548.07517099][555.70097314][575.73481381][570.17813802][563.72982466][560.21774096][554.08122981][548.4023343][550.77617426][546.15742054][539.54483682][539.63319585][548.44907092][548.46216549][541.44097913][541.64663382][546.91285165][547.27888441][543.10874544][547.17700826][549.92334535][551.06504572][551.11609697][546.373874][547.53453809][549.20077633][545.95294582][545.77943851][548.15902928][550.88468416][548.14416575][545.56176826][541.57432018][538.15112234][544.77411889][547.1861667][542.45013018][538.16637232][539.01679886][540.09829625][545.23975775][547.22597547][550.19088764][550.21926519][549.02638285][548.13045481][545.51025004][535.52652534][534.78088441][534.61428916][533.62066053][533.139853][535.26519081][530.9331402][533.13070337][539.8971363][551.76802734][566.68470214][570.84963696][583.10770617][668.71768742][667.06787894][666.86860465][670.3903725][660.14036887][644.19281935][632.73219326][636.24756863][636.37783685][637.55490617][635.06003537][634.95842083][635.87154202][646.45625404][648.70397349][644.01167164][643.51969482][671.42255871][665.96504536][663.63592775][661.01053743][663.24268554][664.19322944][664.9680028][658.90127593][635.84164327][599.22974248][611.21757026][628.96737619][644.76515587][638.27695837][632.4380391][610.7483892][617.48663488][620.22191597][607.9455444][620.36843676][625.75456546][625.15614246][629.16913362][630.28159258][638.41525211][641.22076772][648.23726301][640.16602745][640.24934802][631.05502198][629.81983133][628.68096557][629.25542786][612.91436014][605.76169718][613.09332417][616.66481354][626.04691356][643.45441288][648.84833942][651.60195107][646.14699366][647.60675157][650.02822102][655.08727775][658.41401764][663.39311339][667.11418441][668.00133971][663.25454288][654.90169566][656.04707388][720.33055881][712.0740961][710.81758857][712.00531658][715.93275753][715.58077059][718.49493465][722.25608445][727.80186897][733.17799705][733.32391577][729.89389925][727.83370753][735.91480677][733.12449197][725.95295745][724.89962985][728.82788313][735.94906877][739.16975272][752.41255493][757.19191166][750.68601738][748.38419421][749.59720483][747.77418526][759.37982876][767.03079445][760.80944881][761.05916326][764.65980496][760.0084353][756.84096038][751.5080856][741.25591382][745.21762957][750.35094703][754.82682595][756.69244311][745.75503917][746.99449585][750.98162516][751.45327906][748.70388739][757.90518476][772.08836813][772.70852073][764.07379043][742.25281579][746.09269422][739.6837053][731.60153667][726.53602551][717.77601358][725.68016549][722.4383579][714.77752686][699.43271193][706.26034919][699.56295527][710.33469857][725.83355382][722.03632379][715.77696923][711.59120284][728.95691425][739.26377287][752.18816212][777.09344462][755.8176717][719.79000482][698.8000239][680.80905483][685.7894774][692.73664449][684.87488771][690.87799349][695.79658289][706.9094531][707.73317225][701.17888447][710.07942668][703.30130297][697.84251002][705.2003545][710.0592839][704.33699867][714.52336341][719.7847065][717.4819183][714.89353541][704.71241476][697.17537892][704.45674915][713.3099689][724.80509716][730.83574558][729.17332881][733.08564869][738.58445477][739.90270685][739.77872815][740.45181181][741.38379481][734.71087503][736.06051564][741.5224425][751.61698249][747.36282044][745.39153699][748.34394842][738.996283][741.8665491][743.44245469][742.1520187][740.74699249][740.99023697][750.58635516][753.5169347][756.50430089][763.18826939][762.64291996][754.87383869][756.81780332][727.17530552][721.46597897][720.26710686][708.48460799][705.7624017][695.58776165][700.37859435][697.40697339][697.04369035][701.9478269][708.2386311][715.28292788][721.54520912][721.47756506][717.18603193][713.95970886][715.4328516][715.33349858][708.41641622][704.23909608][709.69099841][708.53026301][716.63710702][724.74393619][725.30935076][730.13780964][735.38555671][734.97655995][731.82468412][727.1427368][722.48612117][719.98400529][727.04221137][727.09860168][721.97484333][720.56367486][719.5855352][720.75020303][714.75174488][704.41290966][699.90344247][700.58113671][700.66476549][701.89025451][682.45695111][673.52797914][682.30894465][687.11627388][691.96621263][698.97696123][697.53702065][698.14579126][698.8501039][704.91548671][714.0256581][721.31784687][721.92496214][721.96374381][724.04909122][730.77371425][734.32303421][739.64075562][739.65414922][741.91585079][740.40303616][739.16979632][740.86220372][746.26893506][771.08023891][769.28402465][769.66771189][769.02201728][770.39582432][777.07496892][779.40402411][781.90480336][782.20307678][783.58267877][779.94814471][781.71138336][776.88651243][776.76205043][777.50333301][773.43695857][771.04748835][772.3270037][769.39132971][767.35847076][769.3594713][769.75496288][768.81118939][765.73111932][767.59715282][770.55126362][775.96646876][778.35757816][775.57155549][765.69539413][762.96885585][761.70040393][761.50289][767.40213167][767.38500461][768.57366969][769.07847878][772.96693096][782.77454237][784.47308909][777.29284194][778.80279555][777.76675125][778.10201811][775.66354671][771.96998906][774.59138027][776.70674175][776.22813188][775.61639103][781.49991797][784.34827582][783.08372956][777.58497753][778.69266825][779.15900961][791.52233887][797.9524283][797.70279181][794.41511232][806.84729946][809.33862051][800.2808143][796.31148321][802.44511521][789.0524971][782.4410155][773.77237264][764.52819523][759.36802236][778.07829289][786.72284171][782.59227052][778.95897442][755.67546382][748.79384257][755.20443522][760.31544212][768.16338656][766.93075936][765.20829624][770.38757568][763.79291219][761.87205876][767.19087929][771.33695469][765.09439586][753.74288285][748.63374166][759.71378153][762.42317877][765.8512438][773.29588677][783.29737402][785.46379914][794.58057863][795.87484767][795.78517932][793.85290979][790.68837528][793.77343974][792.27053666][789.06534465][787.99359576][790.06189722][787.81998123][781.19481437][776.55513624][781.99057408][785.7967526][788.31343285][799.29444507][803.63515184][803.24638404][803.01388255][802.96247945][804.76333721][802.31257351][802.07458135][801.66478171][802.31517486][811.34787638][819.14547329][828.30935935][830.49991901][827.98129183][806.74601583][794.74489726][795.27396692][794.78321665][799.67236039][797.21206109][803.1415472][804.96381944][805.75739143][809.20008909][814.12576065][816.10373449][815.75430088][818.01127164][821.38474984][826.00647358][825.65939771][826.05149955][823.35089731][823.0202169][820.82169487][828.08341351][827.66136923][825.1332391][822.79467558][825.67349592][830.20050132][833.25172778][837.91997608][840.0651743][839.51889158][841.70836016][843.36549078][846.04312372][843.35667152][839.17913455][827.04817698][815.69627696][814.2090739][811.55650685][817.6451641][824.55139505][827.56203172][824.86954944][830.69893431][828.32694534][830.94683252][826.93018739][822.00902268][821.48767599][820.22837765][819.41075139][819.14901155][827.94879966][831.12951517][834.37376758][836.92446083][837.44826535][852.4495938][863.48549465][866.56202625][866.95120154][901.81112527][900.76249432][906.02690888][913.34943023][920.83597063][921.44794176][921.99917121][924.94031554][920.55589798][919.18779244][921.95382194][925.45871759][931.0970885][921.15828933][917.90843754][923.86524869][928.76533651][938.08662601][942.77236165][954.29982433][959.57112529][961.54101024][960.53047087][956.80672581][961.08216377][969.36756235][969.6439747][968.66895032][970.3789164][960.45046998][932.90325876][943.48967018][945.5650821][929.04188723][929.743116][944.12681644][944.91263101][945.98316943][947.03825427][950.79740288][953.05226343][928.57571629][926.70722494][916.20405998][910.47222493][899.08237083][900.06392205][899.36629246][906.70463156][916.8150651][920.01554027][931.95054398][937.99128241][943.36285511][945.34896431][950.17008687][958.18488081][960.49453595][957.11429526][966.71809208][943.15162195][941.02492803][934.7642842][927.50374663][927.90666139][923.05339119][920.18593173][918.49494383][918.10465069][919.71880686][919.58690716][913.19443224][905.16024289][903.91129926][913.31476259][914.30721511][918.08446269][911.35252712][902.68663478][900.60389891][911.22145433][916.155768][916.7723108][911.7620295][906.7359316][906.93469161][916.65196527][926.97201835][929.47106796][922.38323548][919.32687572][924.13345943][922.84546076][923.38938163][922.25497341][923.78929566][919.41131897][913.81592836][909.27891141][910.71321151][919.18291256][923.47024766][920.00139923][914.25208303][916.32984118][929.83282869][935.97699235][945.25705326][946.81551456][944.90900053][944.68955912][953.30516826][962.37853931][967.88418479][965.27648103][971.43026786][976.41143418][979.41429143][979.13175196][979.41705402][980.17315566][973.22752864][976.17072362][969.50059209][958.50232878][960.08766007][967.17288338][1010.39187568][1003.82009583][1003.75128737][1008.97015818][1009.9364999][1013.66648645][1014.47412601][1015.98693155][1022.09615292][1017.46934403][1013.05569115][1011.62082998][1009.92661344][1006.38998819][1014.83790618][1013.77476386][1005.45637711][1015.45914538][1021.08074304][1023.92224332][1033.40610792][1038.23305857][1020.38970993][1008.9416184][1001.41706226][994.77675279][992.94799309][1000.26082764][1013.14898137][1022.95525289][1024.15581088][1027.32958716][1028.27090298][1034.35704853][1045.03044019][1056.18810763][1056.5179689][1052.53261506][1048.67069132][1044.72353146][1041.40319403][1038.31009355][1034.94212331][1031.24890339][1043.08436739][1059.78042235][1070.82548695][1081.09827339][1087.41276649][1089.2480351][1082.31088914][1086.75371338][1096.4219392][1110.74428663][1109.6597673][1110.58485561][1114.84565504][1129.37958371][1144.64702062][1150.98314793][1150.15432406][1152.65506291][1156.51484849][1146.74298325][1148.46710918][1145.55592519][1098.97494225][1067.2028153][1045.975875][1053.12240373][1022.67552413][1017.38173887][1037.13678247][1035.24599017][1046.272732][1068.31872113][1077.11788381][1083.15513705][1097.32965879][1095.39377039][1102.03738812][1117.46762142][1113.72318246][1098.45258324][1077.03724706][1053.7424657][1069.29756554][1079.73141992][1084.4340577][1102.73857468][1130.53251434][1145.90539352][1139.46023044][1129.42407168][1131.74542641][1127.05656654][1094.19397596][1081.55780435][1077.76962671][1053.74232718][1027.84308274][1035.04528808][1028.17773785][994.5605708][1013.40580532][1006.37143117][1001.36501028][1001.01666117][1021.49268566][1004.58777963][1008.81534161][1015.92248664][1011.17648005][1017.14944661][1022.95966401][1023.46998798][1050.39567851][1057.85256451][1065.53013775][1064.30114138][1058.20373712][1026.90265857][1011.13328664][1023.24745571][1025.80255943][1012.76955141][1014.35510954][1015.46051468][1008.97597324][1021.99661597][1038.48196988][1040.79594678][1057.63243408][1075.89814727][1078.79544129][1084.41669718][1068.08404272][1064.61806523][1063.6729234][1048.74570973][1062.49600392][1061.95339592][1057.41613662][1061.56978008][1061.10905152][1048.88709116][1049.33924212][1065.05209924][1093.2242614][1113.67334914][1120.91987682][1119.54972618][1109.73459141][1101.73270081][1108.09381347][1115.78658756][1119.66621328][1128.83471556][1129.81689542][1141.46407483][1143.50320492][1154.14452083][1147.31249542][1136.96316559][1116.48528831][1106.15405802][1099.04525437][1093.15882024][1101.15730468][1098.15576633][1104.54850057][1100.64411828][1114.04284777][1130.65661806][1134.52530821][1132.42262928][1152.96519403][1166.08865269][1164.51615761][1167.59922651][1174.85109804][1168.85283014][1165.93264118][1173.58832317][1231.69577256][1229.1447063][1235.60245355][1233.837258][1201.96696579][1196.33028009][1201.58987588][1195.38847674][1202.17106063][1199.80391493][1217.04695393][1220.90238988][1224.68600531][1215.75923542][1214.16588279][1214.75785128][1200.77430118][1193.92643935][1179.61648432][1183.3375881][1184.3243877][1181.87458515][1186.51011802][1191.97387488][1211.38514197][1212.18671397][1219.26027844][1219.13864541][1204.87022147][1180.33436803][1169.27504104][1158.1335][1143.80185662][1147.79680341][1149.772785][1148.67937611][1151.99640767][1154.33485981][1145.29387891][1142.42276571][1147.12540244][1162.13608041][1160.12335146][1146.8866948][1159.26680371][1163.13308745][1170.58644029][1169.72781513][1177.43580846][1176.13938547][1180.3584374][1163.51822064][1143.68343564][1133.79139272][1125.01539847][1095.05917168][1067.88442479][1091.41142463][1085.58740685][1096.78136527][1103.45688584][1090.99002998][1081.01383778][1086.15725088][1078.55805046][1068.69362263][1074.09351828][1054.07519701][1049.26241627][1012.05081087][1058.3433565][1058.75089676][1053.92892802][1034.65879365][1036.56029488][1067.60897505][1070.54005987][1054.30118951][1037.37820315][1029.0867513][1032.96264496][1043.39747952][1045.50339921][1029.75605364][1004.25577419][1024.96154348][1015.0183019][1029.173969][1031.30422847][1056.21102654][1067.86069177][1074.32936575][1098.11164923][1067.83215261][1041.14885879][1040.45465558][1024.99669192][1039.48136725][1053.55295845][1052.41557348][1035.00981292][1020.00599601][1019.06675921][1023.73579807][1005.62908308][992.0857985][971.44089142][1007.70885884][1019.24798767][1031.08426554][1030.13983501][1022.3541949][1022.17587903][1041.1301432][1053.72479017][1061.01588755][1061.64904248][1052.21776282][1044.32249678][1031.35246933][1051.64524996][1066.20254173][1068.66654774][1083.04523312][1065.16655578][1061.3019709][1058.77128719][1071.45846415][1059.83433005][1052.01287511][1064.6512453][1092.54835459][1096.18233611][1105.68615585][1118.15114589][1113.16648403][1083.393678][1074.92967066][1080.291414][1097.85172605][1106.21776568][1102.43762425][1104.8088744][1096.89988894][1099.04491051][1087.20889354][1088.0633944][1094.85194104][1093.71868609][1093.90450344][1099.56402247][1115.36536151][1129.35695319][1138.40291097][1140.37983595][1130.22239184][1117.66556002][1143.03783733][1166.78451441][1174.20619071][1168.84899153][1167.73264519][1162.39652887][1171.90786084][1191.12528114][1200.89197919][1195.3843207][1174.66179043][1171.39630928][1158.77713278][1147.86449582][1152.79761238][1167.96488451][1174.91452634][1185.2114781][1187.38700552][1187.95293238][1182.27633812][1174.40599281][1177.9114384][1181.04623008][1190.42643606][1195.83103996][1202.04544519][1210.56698746][1212.98999736][1218.15571514][1234.06869578][1235.31385195][1237.67869498][1243.56298779][1255.13098095][1165.1551654][1158.18251556][1145.64265315][1158.68600574][1158.88521125][1158.43603447]
 Actual Values: 
 [537.51] [534.4] [541.0] [566.1] [563.39] [554.64] [550.47] [547.87] [538.43] [538.53] [538.21] [531.24] [523.99] [536.65] [538.37] [531.6] [530.56] [533.77] [539.18] [532.01] [533.98] [538.49] [537.95] [540.15] [538.12] [532.8] [538.01] [537.37] [536.79] [532.93] [539.91] [537.76] [536.35] [533.31] [527.56] [529.36] [538.425] [531.6] [528.0] [528.4] [529.37] [531.0] [537.21] [539.59] [539.64] [540.0] [538.87] [537.26] [525.01] [526.02] [524.73] [521.08] [519.5] [523.13] [521.05] [523.12] [526.29] [532.88] [546.76] [560.13] [565.12] [649.0] [659.24] [655.21] [660.89] [661.27] [647.0] [621.0] [632.83] [628.8] [630.0] [631.38] [625.34] [628.42] [634.33] [645.0] [640.23] [639.48] [669.2] [663.08] [659.3225] [655.01] [656.8] [661.9] [656.6] [655.46] [639.78] [573.0] [614.91] [610.35] [639.4] [632.82] [627.54] [602.36] [605.68] [617.0] [600.0] [612.49] [621.22] [613.1] [619.75] [625.7] [626.7] [635.47] [637.79] [636.79] [634.4] [627.0] [622.05] [616.64] [629.77] [610.34] [597.28] [603.28] [608.37] [607.2] [632.0] [638.84] [649.24] [641.36] [640.0] [642.09] [643.15] [653.21] [654.66] [664.11] [661.18] [664.04] [654.15] [646.7] [727.5] [701.55] [707.38] [707.33] [710.5] [715.73] [711.06] [718.86] [722.0] [729.47] [731.5] [730.2] [724.4] [732.46] [731.0] [729.17] [715.6] [729.29] [727.58] [738.74] [746.53] [757.45] [752.0] [748.14] [748.46] [748.81] [747.11] [768.9] [766.01] [753.1] [767.77] [757.89] [759.17] [752.85] [741.16] [741.79] [753.0] [750.0] [762.42] [746.51] [746.13] [751.65] [753.47] [749.55] [752.92] [766.69] [776.6] [769.5] [743.0] [746.45] [730.0] [730.31] [731.45] [716.61] [721.68] [730.85] [705.38] [692.29] [703.3] [688.61] [702.18] [723.6] [723.58] [713.85] [713.67] [722.22] [731.53] [750.46] [784.5] [770.22] [722.81] [703.87] [667.85] [672.32] [686.86] [675.0] [690.26] [692.98] [699.0] [710.0] [695.03] [707.45] [701.45] [688.92] [700.01] [708.58] [700.32] [703.62] [719.0] [718.68] [714.99] [706.9] [688.59] [698.47] [708.12] [720.0] [726.81] [726.92] [726.37] [736.45] [741.86] [736.5] [737.46] [742.36] [732.01] [736.79] [734.59] [750.1] [749.25] [738.6] [750.06] [738.0] [735.77] [745.37] [743.97] [743.02] [738.0] [749.16] [754.01] [753.98] [760.46] [769.51] [758.0] [755.38] [726.3] [716.1] [725.42] [707.29] [708.26] [690.7] [697.63] [696.87] [690.49] [697.7] [698.38] [712.0] [716.75] [723.41] [717.06] [711.93] [709.13] [715.99] [703.67] [702.36] [701.62] [706.53] [706.86] [720.76] [722.87] [724.01] [731.74] [734.53] [732.5] [729.27] [724.91] [719.84] [723.96] [722.87] [719.47] [716.51] [716.48] [719.0] [714.91] [708.65] [698.77] [698.4] [699.06] [697.45] [675.17] [671.0] [678.97] [683.0] [685.47] [692.2] [696.06] [689.98] [698.08] [699.5] [708.05] [719.12] [723.62] [721.58] [725.73] [722.71] [729.89] [737.33] [740.36] [741.86] [740.67] [739.04] [738.28] [747.04] [772.71] [761.09] [768.69] [767.18] [772.22] [773.78] [782.0] [781.1] [783.75] [785.0] [781.5] [783.75] [780.3] [777.32] [780.01] [775.0] [773.27] [775.48] [770.58] [767.0] [769.0] [768.74] [769.33] [767.01] [769.25] [773.01] [773.45] [780.0] [778.59] [770.1] [755.13] [764.48] [759.61] [762.89] [769.75] [772.42] [769.0] [772.66] [780.0] [786.59] [782.74] [775.5] [777.85] [781.44] [776.33] [774.25] [776.03] [779.31] [779.0] [779.66] [777.71] [786.66] [783.76] [781.22] [781.65] [779.8] [787.85] [798.86] [803.3] [795.0] [804.9] [816.68] [806.34] [801.0] [808.35] [795.47] [782.89] [778.2] [767.25] [750.66] [774.5] [783.4] [779.94] [791.17] [756.54] [755.6] [746.97] [755.2] [766.92] [771.37] [762.61] [772.63] [767.73] [764.26] [760.0] [771.53] [770.07] [757.44] [744.59] [757.71] [764.73] [761.0] [772.48] [780.0] [785.04] [793.9] [797.4] [797.34] [800.4] [790.22] [796.76] [795.84] [792.36] [790.9] [790.68] [793.7] [783.33] [782.75] [778.81] [788.36] [786.08] [795.26] [806.4] [807.86] [805.0] [807.14] [807.48] [807.08] [805.81] [805.12] [806.91] [807.25] [822.3] [829.62] [837.81] [834.71] [814.66] [796.86] [799.68] [793.8] [802.99] [799.7] [803.99] [807.0] [809.51] [811.7] [816.0] [819.0] [819.36] [819.93] [823.02] [828.66] [828.66] [830.12] [827.73] [824.55] [825.61] [828.85] [833.85] [830.56] [826.95] [827.4] [833.51] [836.0] [843.28] [844.0] [843.64] [847.59] [849.03] [851.61] [850.01] [851.4] [831.91] [821.0] [820.08] [806.95] [820.41] [825.0] [833.5] [828.97] [829.22] [831.36] [835.51] [832.4] [827.96] [825.39] [824.71] [821.93] [822.14] [825.01] [834.22] [839.79] [841.44] [842.88] [851.2] [865.0] [874.23] [873.6] [910.66] [901.94] [909.62] [914.86] [926.07] [933.54] [926.12] [936.95] [931.98] [925.32] [931.53] [932.95] [940.0] [935.67] [921.0] [931.47] [935.0] [947.92] [952.98] [957.33] [969.7] [970.31] [975.02] [968.95] [969.46] [976.55] [983.16] [980.0] [982.3499999999999] [984.5] [939.56] [951.91] [959.9200000000001] [933.97] [940.0] [949.96] [957.52] [953.6399999999999] [958.7] [956.8300000000002] [969.9] [942.46] [929.0] [929.9199999999998] [926.05] [912.18] [901.76] [904.12] [908.85] [921.77] [929.54] [938.68] [946.29] [952.0] [957.0] [953.0] [967.84] [975.0] [962.25] [972.22] [953.81] [954.68] [951.78] [929.4] [941.89] [932.38] [928.6100000000001] [930.34] [926.75] [929.06] [927.0900000000001] [920.6099999999999] [917.55] [907.97] [922.53] [924.23] [925.29] [925.78] [910.31] [910.0] [912.72] [921.9300000000001] [928.6599999999999] [923.49] [916.0] [905.1] [920.05] [931.76] [941.1300000000001] [933.0800000000002] [930.1499999999999] [931.73] [936.49] [934.25] [932.5900000000001] [930.66] [931.25] [924.66] [920.01] [917.42] [922.98] [933.0] [927.75] [925.45] [923.72] [927.74] [941.3600000000001] [952.0] [959.98] [954.0] [957.0] [955.49] [966.7] [980.0] [980.0] [973.72] [987.45] [992.0] [992.1] [990.29] [991.77] [986.0] [989.44] [989.52] [970.0] [968.3699999999999] [980.0] [1009.19] [1014.0] [1015.22] [1017.21] [1021.76] [1022.11] [1028.99] [1027.27] [1030.52] [1033.99] [1026.46] [1023.42] [1022.59] [1019.21] [1022.52] [1034.01] [1020.26] [1023.31] [1035.0] [1035.87] [1040.0] [1055.09] [1042.68] [1022.37] [1015.8] [1012.66] [995.94] [1001.5] [1020.43] [1037.49] [1035.5] [1039.63] [1046.12] [1045.0] [1054.61] [1066.08] [1075.2] [1071.78] [1064.95] [1061.11] [1058.07] [1057.39] [1051.6] [1046.72] [1048.34] [1064.31] [1088.0] [1094.0] [1102.23] [1109.4] [1097.1] [1106.3] [1102.41] [1132.51] [1126.22] [1131.41] [1131.83] [1137.49] [1159.85] [1177.33] [1172.53] [1175.08] [1176.48] [1167.83] [1170.57] [1162.61] [1122.0] [1090.6] [1027.18] [1081.54] [1055.41] [1017.25] [1048.0] [1045.0] [1048.95] [1079.07] [1088.41] [1090.57] [1106.47] [1116.19] [1112.64] [1127.8] [1141.24] [1123.03] [1107.87] [1053.08] [1075.14] [1099.22] [1089.19] [1115.32] [1136.0] [1163.85] [1170.0] [1145.21] [1149.96] [1154.14] [1120.01] [1099.0] [1092.74] [1081.88] [1047.03] [1046.0] [1063.0] [998.0] [1011.63] [1022.82] [1013.91] [993.41] [1041.33] [1020.0] [1016.8] [1026.44] [1027.99] [1025.04] [1040.88] [1037.0] [1051.37] [1077.43] [1069.4] [1082.0] [1077.86] [1052.0] [1025.52] [1029.51] [1046.0] [1030.01] [1013.66] [1028.1] [1019.0] [1016.9] [1049.23] [1058.54] [1058.1] [1086.03] [1093.6] [1100.0] [1090.0] [1077.31] [1079.89] [1061.86] [1074.06] [1083.56] [1065.13] [1079.0] [1079.02] [1064.89] [1063.03] [1067.56] [1099.35] [1122.33] [1140.99] [1142.17] [1131.32] [1118.18] [1118.6] [1131.07] [1141.12] [1143.85] [1148.86] [1143.65] [1158.5] [1175.31] [1174.85] [1159.14] [1143.6] [1128.0] [1121.34] [1102.09] [1120.0] [1099.0] [1135.82] [1110.53] [1123.58] [1148.48] [1156.98] [1144.59] [1159.89] [1185.0] [1189.39] [1172.22] [1196.56] [1191.0] [1186.96] [1181.01] [1262.59] [1239.13] [1251.0] [1271.0] [1228.01] [1220.01] [1228.0] [1205.9] [1229.62] [1225.0] [1237.0] [1240.47] [1249.9] [1243.0] [1236.98] [1235.19] [1229.26] [1224.73] [1202.03] [1205.02] [1208.0] [1200.0] [1207.14] [1208.82] [1227.6] [1241.29] [1237.45] [1244.23] [1234.98] [1204.27] [1193.8] [1186.3] [1158.67] [1172.19] [1161.63] [1172.72] [1170.74] [1179.1] [1170.14] [1157.09] [1164.98] [1179.99] [1192.0] [1157.17] [1176.15] [1185.15] [1186.73] [1191.87] [1199.89] [1190.96] [1205.0] [1195.33] [1167.5] [1150.11] [1146.15] [1131.08] [1072.94] [1108.0] [1108.91] [1104.59] [1126.46] [1121.84] [1093.37] [1103.06] [1080.89] [1104.25] [1071.79] [1037.03] [1082.47] [1008.46] [1059.81] [1075.8] [1073.73] [1055.0] [1039.48] [1069.0] [1091.38] [1073.99] [1061.39] [1043.29] [1050.0] [1044.71] [1059.41] [1057.2] [1000.0] [1036.76] [1030.0] [1038.35] [1041.0] [1048.76] [1076.08] [1089.07] [1123.14] [1103.12] [1034.26] [1060.01] [1035.05] [1056.49] [1068.0] [1068.07] [1049.98] [1037.51] [1026.09] [1033.99] [1018.13] [1015.3] [973.9000000000001] [989.01] [1017.15] [1049.62] [1050.96] [1016.57] [1041.0] [1032.59] [1071.5] [1076.11] [1081.65] [1067.66] [1063.18] [1046.92] [1050.17] [1080.0] [1079.47] [1100.0] [1088.0] [1077.35] [1076.48] [1085.0] [1080.11] [1072.68] [1068.43] [1103.0] [1112.4] [1112.66] [1124.84] [1139.57] [1104.16] [1087.0] [1096.95] [1106.8] [1124.99] [1118.05] [1130.08] [1110.0] [1119.99] [1110.84] [1100.9] [1116.0] [1105.75] [1106.95] [1111.3] [1124.9] [1146.99] [1150.06] [1162.49] [1155.72] [1126.73] [1144.45] [1178.26] [1200.64] [1194.51] [1193.38] [1183.3] [1188.81] [1197.35] [1216.0] [1226.32] [1196.93] [1198.53] [1185.5] [1171.54] [1174.9] [1184.1] [1195.32] [1207.48] [1205.94] [1214.99] [1207.89] [1196.0] [1200.68] [1203.96] [1210.0] [1218.0] [1225.0] [1233.0] [1239.18] [1235.99] [1250.69] [1264.12] [1264.77] [1269.0] [1274.0] [1185.0] [1188.05] [1167.76] [1173.65] [1166.26] [1180.47] [1172.01] 
 ---------