Company Name: Alphabet Inc Class A 
Ticker Symbol: GOOGL 
sentiment1: Real Estate Funds Have Been a Balm in a Stinging Market 
 Stodgy Real Estate Funds Get Another Look 
 published on 2019-03-04 
---sentiment2: DealBook Special: Everything You Need to Know About the Uber I.P.O. 
 A Cheat Sheet for the Hotly Anticipated Uber Public Offering 
 published on 2019-02-12 
---sentiment3: DealBook Special: Everything You Need to Know About the Lyft I.P.O. 
 What You Need to Know About the Lyft I.P.O. 
 published on 2019-01-01 
---sentiment4: Uber Said to Plan I.P.O. Price Range Valuing Company as High as $90 Billion 
 Uber’s Value Is Expected To Approach $90 Billion 
 published on 2019-01-16 
---sentiment5: Lyft’s I.P.O. Filing Reveals Nearly $1 Billion in Losses 
 I.P.O. Filing By Lyft Bares Wider Losses 
 published on 2018-10-02 
---
Current Value: 1177.29 
Prediction: Increase 
Perecent_correct: 0.6349206349206349 
Predicted Values: 
 [820.23407035][827.40324667][816.26101687][808.06762022][798.65802103][783.61420755][778.35623304][798.64828713][807.97015437][804.34795259][798.14283969][773.37160167][763.72497495][771.70828692][776.03590071][783.89691755][782.87286902][781.20108729][787.2923603][784.06872563][779.97449709][786.00027087][789.44735757][783.55836151][771.93032113][763.73921692][774.1491643][778.62068317][785.8375285][793.71606783][804.19834567][805.98752016][815.27706139][817.28218403][816.600619][813.7293181][810.61414745][812.9583622][812.49100922][807.90744313][806.88913604][809.49067872][808.37522429][801.63439809][797.65475969][804.65491943][808.32323701][809.36898277][820.95937459][825.8864989][825.39275944][826.68041077][827.31640929][830.07539031][827.10366051][827.43037851][826.68637568][826.72318322][838.36752062][847.1576397][854.71582472][856.79311518][854.81727483][830.59646141][818.83858585][819.00666008][817.19839006][821.04444851][819.55809169][826.77132796][829.43508999][829.13866408][832.85008164][837.31618031][838.44717691][837.15510567][838.96255973][842.76115784][847.63383211][848.85793664][849.37419706][845.75989147][846.24582668][844.86318379][853.16716566][852.02106191][847.42786918][845.51129615][848.38919573][852.36065304][855.19808102][860.54637853][861.94033182][863.50172212][866.4817692][868.81787964][871.21922795][866.98827281][862.34077324][849.35297345][838.75721555][838.23589895][833.85199047][839.75034295][845.88453357][848.9642267][845.88301835][852.6248969][848.99560902][852.54169767][847.21673388][842.16317833][841.16487007][839.91461874][839.05692642][839.49491283][848.51889598][852.43658523][855.81746033][859.02357353][858.44658838][873.49044409][885.45726526][888.84020514][889.26794958][927.33946459][928.44658444][935.27785781][942.36329083][952.15046478][952.58696656][953.13518442][957.5000895][953.35456156][952.48781305][954.41867229][956.4878058][962.0830276][951.74254693][946.74470352][953.10873023][959.3673626][969.0477308][974.34720149][986.18532002][991.17991807][992.71537481][991.60294477][988.10428069][991.01873555][1000.31436333][1000.13692413][998.70465455][1001.95714287][991.03621039][960.24952226][970.85435521][971.75032889][953.71403277][956.24592306][972.08398964][972.40061869][973.70181247][975.34863413][980.06352025][982.70554835][956.40688167][955.71960266][944.42066621][937.061814][926.51628121][928.43423008][927.13782021][936.30624749][946.14500587][950.41911811][963.44010826][970.15851103][973.50501376][975.89539537][981.04354974][990.0895367][993.24776702][989.94466483][996.80725545][969.52940088][968.06517566][961.15687507][953.46183787][953.0119445][947.07740562][945.82792964][943.94070652][943.22609092][944.87298277][944.45647946][938.24870559][929.16084646][926.57813633][937.1693795][938.2154837][942.60989212][935.65145723][925.59330894][922.51158209][933.93374247][939.14774676][939.79115251][934.32251585][929.14316864][928.80761612][939.19754309][950.34805442][953.36605633][944.0469852][940.94020737][945.66661425][944.74061639][945.18991787][944.68015372][947.04753412][942.19768325][936.54011076][931.38942589][933.56982889][942.55445957][946.94928809][942.81454137][935.32748188][936.89249743][953.44592159][959.81525735][969.21205689][970.99587984][968.0670136][968.36211446][978.82694231][986.60147698][993.21431805][990.82655341][998.00917021][1004.25710337][1007.81647925][1007.5610978][1008.23036984][1010.58953474][1001.89475411][1004.17154842][996.1335304][985.39581174][988.02241747][996.08699897][1039.8911765][1031.18866485][1032.82565742][1039.37683901][1039.94175299][1044.89365194][1045.22874766][1048.89851939][1054.07193979][1045.96209592][1041.99245691][1040.69666294][1037.67502848][1034.15069245][1043.42575552][1042.68516689][1033.59472437][1044.00484699][1049.91736572][1054.05826546][1064.89117205][1069.45052872][1047.88598796][1037.21521337][1028.07499574][1020.87458734][1019.6173284][1026.76460359][1040.29839355][1049.62225508][1050.10692066][1050.84100305][1050.06464551][1057.07090253][1067.35643596][1079.64389959][1079.56636213][1075.56461597][1071.59352934][1067.21199185][1064.81171126][1062.06660234][1058.07150889][1052.71945666][1064.42008992][1084.13109037][1095.89452574][1105.98046336][1111.64623666][1113.41187595][1106.84569582][1109.9331642][1120.82739297][1136.74333145][1135.0289658][1135.41021343][1138.52478662][1154.9748343][1171.73545739][1177.73885967][1179.22755959][1184.14220904][1187.41449324][1177.62878128][1180.72453756][1178.29034081][1122.79963763][1089.64999258][1065.59228266][1072.66772621][1041.00966967][1038.40255898][1055.99789554][1052.19259851][1064.51409863][1086.57991965][1095.98151857][1101.10796887][1116.53109398][1115.03371787][1122.06263919][1136.67803488][1131.96489163][1114.72447946][1094.36884063][1073.31778414][1088.29093035][1099.77830277][1104.88789999][1122.81569059][1150.4824313][1166.37653262][1159.96638994][1148.21040581][1150.94555475][1145.61658623][1109.28478108][1096.83265731][1095.34529942][1069.40119131][1045.36599749][1051.72689479][1042.29848268][1007.93427389][1029.27901211][1023.79108132][1017.14353547][1017.40776421][1039.04767423][1020.22582572][1025.42200801][1033.12920806][1028.14485961][1034.93773914][1042.42544185][1044.79378086][1072.17807056][1075.79108549][1082.28153684][1082.42178492][1078.58508765][1045.9148628][1026.7776883][1039.96454936][1040.02785365][1027.63685798][1030.06462313][1031.8361268][1024.62618299][1037.93545153][1056.5052673][1059.86356444][1079.31143297][1100.18648195][1101.16146089][1106.98482712][1090.57656385][1084.8123379][1081.54343031][1066.80814579][1082.40047077][1082.6147789][1078.28840699][1083.44925045][1083.69446124][1072.14721548][1073.63836398][1094.24727812][1125.47110298][1146.52328768][1152.30886452][1148.20696853][1138.39378783][1131.02089438][1137.28830823][1142.72542223][1147.453052][1156.12944664][1157.72441662][1170.09282508][1173.83051214][1186.21428317][1178.39409927][1168.57985817][1146.83597493][1137.98431179][1129.86661899][1121.20658362][1131.08011097][1130.25650171][1135.34382849][1133.44505515][1147.73412762][1161.73977331][1166.87013167][1165.82825412][1189.26258053][1202.41515786][1199.55741589][1201.3759383][1210.84123801][1203.94461759][1199.17586076][1203.76810979][1264.36811063][1265.21968695][1276.27549464][1274.12497837][1239.07451921][1229.81710291][1235.74921322][1231.09110115][1239.68615769][1236.9855072][1254.31806947][1259.57863559][1262.69395904][1253.97764346][1251.62881834][1253.41585129][1239.23716452][1233.01961185][1218.09226126][1219.30622303][1220.86764271][1217.30378698][1221.86604914][1229.8042627][1249.11066855][1249.14156594][1258.59153228][1258.7785013][1241.92600188][1217.05531107][1204.26397752][1190.43619822][1176.00489929][1178.59746741][1180.60499499][1178.06108942][1179.84306918][1181.27401186][1169.80693004][1167.0266461][1169.80905133][1185.32985955][1184.49114601][1171.35054496][1188.24031992][1194.89060012][1204.59270143][1203.06270209][1211.74693725][1208.38303308][1209.07357652][1192.59382881][1171.92593239][1160.61796817][1149.40774379][1118.74007328][1092.21365879][1118.83498614][1110.95755171][1124.44299434][1134.98532054][1116.96038777][1106.82757438][1112.05029812][1104.93471925][1093.23532361][1097.47170773][1079.99587925][1077.09114417][1037.24929472][1085.87279131][1089.3736925][1083.14696633][1064.25000768][1065.1582093][1097.44710762][1100.29462641][1080.11002817][1062.59069682][1053.56047102][1057.18556099][1064.14764909][1065.66932625][1050.05877051][1022.20060695][1044.91810628][1032.68427276][1049.38826643][1053.86590951][1077.66313589][1089.68518466][1101.85949012][1124.66754164][1093.54562512][1064.5083768][1065.0075273][1048.98708832][1063.36831449][1077.83672254][1076.20350301][1058.21517033][1042.15369645][1042.80896158][1049.92883022][1029.50820522][1017.56602823][991.01168647][1028.55893133][1041.24250314][1053.88532914][1052.34787651][1044.6429871][1044.60263487][1063.88627443][1076.85147304][1085.19607799][1084.05790079][1074.8470589][1067.74110168][1051.51167376][1074.57135434][1090.52959639][1092.85468429][1108.17133772][1088.16181965][1085.03135249][1081.80158125][1096.60672456][1084.73298034][1075.61050299][1088.55159659][1118.75609664][1121.93234241][1131.02949674][1141.49163064][1138.84256052][1106.78630237][1097.68983855][1103.32612111][1124.3666015][1131.63333942][1126.9114454][1129.55590779][1121.08056295][1123.6223484][1110.92125532][1111.35612584][1118.39128086][1117.76790572][1117.70652453][1123.32619558][1142.65851098][1157.33756859][1163.88914443][1167.14334581][1155.02059168][1142.50955151][1167.02936653][1191.64813017][1200.57776195][1195.31234229][1193.24342901][1187.64716168][1195.73800597][1215.73893569][1227.28352336][1219.86613562][1198.67433038][1197.4561141][1183.89226654][1171.64888473][1176.97081999][1192.13085821][1200.33057687][1211.20408024][1213.57816701][1213.54179232][1207.62522345][1200.44520137][1203.34988565][1206.92102047][1216.93612802][1223.09116434][1229.06055544][1237.1477075][1240.5289066][1244.62025256][1263.51866997][1264.52790147][1264.73695476][1272.83907634][1287.43583965][1193.41175114][1186.63498876][1169.48620085][1182.71166063][1183.54680003][1189.35252763]
 Actual Values: 
 [829.94] [822.43] [810.87] [806.76] [784.5] [771.3] [794.95] [802.03] [801.83] [810.0] [776.81] [771.76] [765.47] [770.42] [782.5] [787.17] [778.1] [788.99] [789.52] [782.61] [778.35] [788.38] [789.1] [778.55] [761.9] [770.0] [780.19] [779.95] [792.95] [799.3] [804.82] [812.39] [815.92] [817.36] [818.31] [809.28] [813.37] [815.72] [809.1] [808.01] [808.68] [813.33] [802.33] [803.21] [800.62] [809.89] [807.5] [814.99] [826.37] [827.07] [826.62] [828.38] [831.0] [830.0] [829.8] [829.0] [829.09] [831.61] [846.98] [853.55] [859.05] [859.0] [837.06] [819.5] [824.0] [815.0] [823.13] [820.92] [825.5] [830.53] [831.73] [832.95] [837.7] [839.77] [838.81] [838.5] [841.31] [847.99] [848.0] [851.08] [847.65] [844.95] [847.35] [851.38] [856.31] [848.94] [846.86] [847.26] [853.12] [853.69] [862.7] [860.83] [863.75] [867.94] [870.53] [873.68] [869.48] [870.06] [849.48] [841.39] [842.0] [828.09] [839.69] [842.75] [851.98] [846.83] [848.75] [848.0] [854.71] [849.5] [845.0] [841.54] [841.7] [838.46] [841.04] [841.38] [852.54] [857.385] [859.74] [860.62] [868.44] [882.26] [891.3900000000001] [890.0] [929.0] [924.15] [933.27] [936.05] [950.29] [956.72] [947.45] [961.3300000000002] [956.22] [951.29] [957.85] [955.29] [963.55] [959.7] [943.2] [952.8200000000002] [957.0] [969.96] [975.26] [979.0] [992.0] [992.5] [996.21] [990.96] [988.59] [997.89] [1003.31] [998.82] [1004.23] [1005.49] [958.72] [972.04] [975.5] [948.02] [957.9099999999999] [969.65] [975.31] [970.79] [976.87] [975.5] [990.0] [961.6] [950.6599999999999] [951.3499999999999] [943.99] [933.22] [924.2] [925.0] [930.9850000000001] [941.95] [950.52] [960.8599999999999] [970.8] [974.0] [976.32] [973.3600000000001] [990.01] [997.0] [989.0] [994.1] [970.7] [972.78] [969.18] [947.99] [960.0] [947.81] [948.3699999999999] [949.1] [943.95] [947.52] [944.29] [938.45] [935.0] [923.71] [939.0700000000002] [941.03] [941.25] [942.95] [926.98] [925.77] [926.96] [937.0] [943.71] [939.21] [931.88] [919.95] [935.67] [946.3] [957.47] [946.8600000000001] [943.87] [944.25] [949.7] [947.2] [946.92] [945.5] [946.0] [940.09] [935.01] [933.41] [937.73] [948.13] [942.77] [939.45] [936.69] [942.74] [956.25] [966.0] [975.6500000000001] [967.56] [971.76] [972.79] [980.0] [995.0] [995.3] [989.04] [1003.84] [1009.11] [1009.63] [1007.44] [1011.05] [1004.75] [1007.05] [1005.18] [986.5] [986.27] [998.47] [1030.99] [1029.16] [1033.0] [1036.32] [1039.99] [1042.75] [1049.1] [1049.65] [1050.05] [1048.0] [1043.87] [1040.8] [1037.72] [1035.0] [1038.75] [1049.8] [1036.0] [1040.04] [1051.16] [1054.39] [1058.57] [1073.99] [1056.18] [1039.94] [1030.41] [1027.8] [1010.99] [1016.52] [1036.07] [1051.81] [1051.11] [1050.0] [1052.08] [1055.49] [1063.78] [1076.45] [1083.02] [1080.92] [1075.39] [1070.0] [1068.64] [1066.6] [1062.25] [1055.49] [1053.02] [1073.93] [1097.09] [1103.45] [1111.0] [1118.44] [1107.0] [1112.31] [1110.1] [1140.31] [1136.36] [1139.35] [1138.03] [1143.82] [1170.62] [1184.98] [1180.71] [1187.53] [1188.0] [1177.72] [1183.81] [1175.99] [1127.42] [1100.61] [1033.98] [1084.97] [1059.87] [1025.88] [1056.67] [1050.0] [1054.32] [1083.45] [1093.38] [1092.76] [1109.1] [1119.17] [1118.66] [1131.86] [1143.7] [1122.0] [1109.54] [1057.98] [1078.13] [1102.1] [1092.82] [1117.2] [1139.5] [1165.05] [1171.83] [1145.8] [1149.57] [1155.35] [1117.76] [1098.4] [1092.57] [1080.01] [1051.37] [1050.6] [1063.9] [1001.91] [1011.21] [1027.62] [1016.15] [998.23] [1046.39] [1023.1] [1020.04] [1030.26] [1032.0] [1031.47] [1046.89] [1045.55] [1061.2] [1079.01] [1069.02] [1084.27] [1082.98] [1059.2] [1029.75] [1033.22] [1045.54] [1034.42] [1016.3] [1034.0] [1025.37] [1019.61] [1053.89] [1064.62] [1064.1] [1095.0] [1100.41] [1105.57] [1096.9] [1085.09] [1081.46] [1066.0] [1079.0] [1089.8] [1070.0] [1086.9] [1086.55] [1076.0] [1073.48] [1082.0] [1112.87] [1138.5] [1154.66] [1152.77] [1144.58] [1131.21] [1132.94] [1141.02] [1152.28] [1152.21] [1159.92] [1152.69] [1170.11] [1183.3] [1185.51] [1171.49] [1155.0] [1144.14] [1136.0] [1112.39] [1132.31] [1115.35] [1149.42] [1124.6] [1141.77] [1160.0] [1169.99] [1155.62] [1174.86] [1202.8] [1203.81] [1182.74] [1208.53] [1206.65] [1199.24] [1195.66] [1271.0] [1252.62] [1267.18] [1289.12] [1245.05] [1231.71] [1239.11] [1218.5] [1245.18] [1241.61] [1252.01] [1256.72] [1262.73] [1259.18] [1251.2] [1252.5] [1244.28] [1241.99] [1222.04] [1220.66] [1223.02] [1214.22] [1219.88] [1226.0] [1244.14] [1255.9] [1255.0] [1263.4] [1252.21] [1222.52] [1209.22] [1198.57] [1172.0] [1184.2] [1171.1] [1182.0] [1179.7] [1188.0] [1177.77] [1162.66] [1168.96] [1180.67] [1194.92] [1159.41] [1184.25] [1193.69] [1200.0] [1204.09] [1213.0] [1206.67] [1212.0] [1205.03] [1176.0] [1160.0] [1151.31] [1136.4] [1079.04] [1119.64] [1118.0] [1113.48] [1140.0] [1130.0] [1103.71] [1112.51] [1091.29] [1115.0] [1080.3] [1048.33] [1096.54] [1020.01] [1068.2] [1091.4] [1089.0] [1072.53] [1055.02] [1083.49] [1107.3] [1084.02] [1073.13] [1054.81] [1060.0] [1051.46] [1065.23] [1063.39] [1007.29] [1045.31] [1033.5] [1044.0] [1051.34] [1057.46] [1083.53] [1095.63] [1132.16] [1112.99] [1045.0] [1072.23] [1042.94] [1066.94] [1077.08] [1075.67] [1060.02] [1047.01] [1034.0] [1047.29] [1026.0] [1032.04] [984.32] [997.99] [1026.2] [1059.5] [1057.83] [1027.2] [1050.67] [1042.56] [1080.97] [1086.0] [1087.99] [1074.94] [1069.9] [1053.34] [1058.01] [1090.0] [1087.99] [1108.59] [1096.0] [1086.86] [1082.51] [1094.23] [1090.07] [1081.04] [1077.36] [1112.24] [1122.29] [1119.01] [1129.63] [1149.27] [1111.82] [1094.88] [1103.75] [1111.01] [1133.04] [1125.0] [1139.3] [1116.64] [1128.88] [1118.78] [1109.7] [1121.93] [1114.37] [1114.01] [1119.0] [1131.0] [1154.56] [1156.0] [1171.76] [1160.5] [1133.9] [1152.0] [1182.3] [1205.93] [1199.02] [1198.0] [1189.69] [1191.72] [1201.4] [1220.0] [1228.85] [1199.56] [1205.19] [1191.92] [1175.5] [1180.18] [1187.54] [1200.05] [1212.7] [1211.29] [1219.3] [1211.11] [1201.89] [1205.09] [1208.9] [1215.62] [1224.09] [1230.0] [1237.0] [1245.0] [1236.67] [1256.64] [1270.59] [1270.3] [1273.38] [1280.51] [1190.63] [1197.5] [1172.6] [1177.41] [1172.0] [1185.81] [1177.29] 
 ---------