Company Name: Alliant Energy Corp 
Ticker Symbol: LNT 
sentiment1: COMPANY BRIEFS 
 published on: 2018-05-21 
---sentiment2: World of Investing : Brand new day for utility stocks 
 published on: 2012-05-14 
---sentiment3: Alliant Energy's Net Falls 
 published on: 2003-11-15 
---sentiment4: COMPANY BRIEFS 
 published on: 2003-07-19 
---sentiment5: COMPANY BRIEFS 
 published on: 2003-11-08 
---
Current Value: 46.86 
Prediction: Decrease 
Perecent_correct: 0.6363636363636364 
Predicted Values: 
 [66.08994459][66.57049067][66.47342808][66.47351934][66.49172695][66.80537782][66.82282574][66.24604748][66.37627404][66.62533388][66.78412031][66.12046871][65.71548045][65.58740408][65.74841041][65.6752316][65.60260306][65.32880846][64.91448502][64.89031399][65.07575566][65.2677894][65.61186443][65.90081327][66.12809343][66.21433731][66.34103934][66.24204787][66.22688162][66.63770998][66.89829312][66.61663855][66.34846614][65.89518813][65.54159539][65.81121887][66.36329327][66.48562425][67.02707188][67.54813516][67.60025882][67.49668965][67.47512][67.68813079][67.92605011][68.00498776][68.48571669][68.47724229][67.50295691][66.73544486][66.73808527][66.99687773][67.15868186][67.27977405][67.38098924][66.90281161][66.80514781][67.0184][66.67453134][66.83806137][66.96983951][67.17688043][67.31390285][67.43869652][67.23183827][67.47143025][67.16171644][66.44928574][65.32557555][64.99638126][64.98475718][64.53977314][63.92208705][63.8727472][63.92744946][64.26906151][64.1229194][64.55491046][64.88995706][65.17934818][65.27392123][65.441082][65.70914818][65.96182964][65.95892126][66.18712507][66.10513411][65.89458389][66.22663383][66.48565688][66.48878008][66.47032233][66.59376516][67.02421968][67.19223243][66.61375661][66.17835015][66.28438816][65.94396397][65.58043275][65.71492322][65.89514703][65.5753728][65.45031981][65.32863463][64.90854169][64.45494257][64.04064226][63.71191101][63.64765298][63.90655781][64.15485754][64.17745269][64.62797272][64.7774862][64.67374306][65.25491479][65.30427993][65.07102451][65.44088698][66.28989754][66.01979317][65.63861651][66.25443291][66.90504472][67.57563945][67.97420942][68.23967129][68.28507614][68.47679722][68.76011553][68.54104333][70.54776605][69.81586087][70.06600795][69.94775008][70.40673554][70.25241651][70.33365233][70.84556954][71.16870592][70.54776605][70.07563182][69.62802347][69.71293108][70.17260036][70.20958145][70.20041126][70.20649003][69.91727581][69.7286637][69.88963325][70.45197823][70.97306186][71.25822361][71.44869717][71.73899089][71.49728862][71.79844117][72.11834492][72.0363951][71.8684505][71.49139372][70.99231208][70.67485728][71.39322569][72.6296987][73.004534][73.29668615][73.71888488][74.41374515][75.26046978][76.22212498][75.78503069][74.82274391][74.04308894][73.65646092][73.47619544][73.75345315][74.7550034][74.67667278][74.07362814][74.57238111][74.90977908][75.50762115][76.28614728][76.78651384][76.91095384][77.34372336][77.44704464][77.1671483][77.17903454][76.84998963][77.03543787][76.70302133][76.07721398][76.18936492][75.98596622][75.90333627][74.88381882][72.81587985][73.06475438][72.88933455][72.24662193][71.69266542][71.22015402][72.05969993][72.43848156][72.13089816][72.4412486][72.87964599][72.69416681][71.91778069][71.32715069][70.7913333][70.18186489][70.03011244][70.078623][68.9462318][68.55121921][68.68069962][68.5287644][68.8846024][68.77260635][69.40182248][69.53039168][70.42148576][70.73597702][71.00379892][71.2539024][70.76670788][70.50359968][69.58534659][69.55158379][70.13600877][70.62316153][70.63290977][70.70265669][71.21064487][70.99527122][70.29493725][70.25228146][70.70255659][70.72722897][70.73016098][70.78794161][70.25234624][69.96878321][70.73242889][70.74235091][70.55370064][70.61436023][70.92463391][70.84306755][69.85058351][69.61266532][69.07985633][68.64108215][69.53885961][69.08918862][68.38568667][68.3429041][68.72969951][68.26959381][67.87098852][67.93205478][67.98954128][68.64710796][68.94253377][69.04018027][69.26237558][69.18952573][69.04643325][68.81521802][68.99751564][69.23936659][69.26868752][69.27478719][68.74824342][68.10270755][67.37459156][66.6273658][66.309158][66.13547306][66.30908423][66.74428461][66.45836184][66.14174854][66.22346897][66.6133558][67.29499634][67.46015992][67.25927484][66.73558606][66.12631175][65.78544585][65.7941147][66.04087022][65.98337286][66.17804652][66.8964469][67.13424521][68.23550677][68.47393315][68.21225514][67.95589897][68.26384554][68.26381901][68.23646245][68.92705476][68.81813188][68.26406978][67.97654826][67.94074146][67.59424753][67.31076447][67.92528907][68.32768488][68.14179497][68.67739635][69.46026399][69.49378818][69.04664826][69.02799568][68.59245625][68.69294015][68.71750069][68.78126603][68.94236567][69.27141294][69.41772056][70.31250164][70.41379339][70.17570024][69.95364609][69.18346394][67.06402521][65.99586556][64.87483791][65.59298175][65.90093707][65.43240402][64.07135255][63.8884742][63.7724702][63.20645621][63.72360881][63.86719635][63.38871519][63.40699368][63.80920346][63.8746237][64.3142688][65.18745318][65.08148913][65.36797524][65.07880518][65.03931435][65.33120088][66.12263964][66.10645304][66.12027124][66.45192917][66.33061529][66.31501593][66.8873919][66.79329343][66.5558284][66.74390115][66.92119818][67.29214419][67.42645311][67.65474799][68.20558313][68.65048206][68.69913146][68.99098236][69.08293891][69.183028][68.93398257][68.43745089][68.40691736][67.80118797][66.85417144][67.03369346][67.38062669][67.59992568][67.97126303][68.06276852][66.1186335][65.04844605][65.81183245][66.74147078][66.78866339][66.69862596][67.61161167][67.68526015][67.161366][68.04080662][68.76901415][68.61408684][68.04454655][67.84997913][67.90744733][68.11130864][68.96982863][68.89737056][68.05711094][68.01830193][68.17247576][68.44014964][68.53134205][67.76731721][66.83855061][66.77164126][67.31959817][68.30561951][70.77694001][70.86737161][70.27659662][69.98104743][70.47425863][70.46227468][70.75419659][71.17397809][71.14133157][70.74565433][70.18532449][70.24288721][70.36165215][69.93210883][70.03299982][69.96893666][69.97840425][69.69782634][70.17218437][70.10000421][70.77286699][70.33423269][69.59894108][70.38976401][70.55988543][70.60189551][70.1788059][71.02170232][72.47425361][73.202977][73.61317441][74.8461226][75.01427102][74.99855022][75.31864875][75.47065187][75.59869883][75.14579549][74.56048294][74.61571855][74.30491363][74.47755177][74.55605004][75.02004043][75.52164007][76.23174043][76.91682913][76.36042085][75.45543204][75.59262843][75.46153805][75.83661546][76.17065034][76.60353427][77.24582643][77.65988449][77.85220129][78.07764999][77.83996677][78.14088471][78.66153522][79.34226143][79.41727031][79.14039682][79.01199861][79.31632636][79.63308317][79.85534605][80.49126378][80.7996732][80.87558789][81.38066202][81.636992][80.99464709][80.25761533][80.31228433][80.57729791][80.4829544][80.32747745][80.32490793][79.71562786][79.93454964][80.19364046][80.29745713][79.40851194][77.46565778][76.44530255][76.25976966][76.40582339][76.33532138][76.47544974][77.22113901][78.08296213][78.36069096][78.82865424][79.36202889][79.2922908][79.63918861][80.0933748][80.35801939][80.59517502][80.65950067][80.56808086][79.99306393][78.49729072][78.10416923][46.01171811][45.92672212][46.19733394][46.44738744][46.60853394][46.76400853][46.92521987][47.09579012][47.21766388][48.06687782][48.1464232][48.28294128][48.51614437][48.9773091][48.90454153][48.73099533][48.83150892][48.78602425][48.58026077][48.59702291][48.71583201][48.82535322][48.71900255][48.53920659][48.82932322][49.37613002][49.54408101][49.6810325][49.49186854][49.93650151][50.35672119][50.47279026][49.96728515][49.91497607][50.04952389][49.61414907][49.37352566][49.16337586][49.16338773][49.27755444][49.35836512][49.3188358][49.34292153][49.81152196][49.9916486][49.99175159][49.37054053][49.47674376][49.79966498][49.91084373][49.89681883][50.0351129][49.91382848][49.52588513][49.1785746][49.08726374][49.06877421][49.0689976][49.31257686][49.13108165][48.40237847][48.44418512][49.00772744][48.9746217][48.84514739][48.77068667][48.46902007][48.62451822][48.41747668][48.02751078][48.01551482][47.76889781][47.70506731][47.87815354][48.5009278][48.70958792][48.66698514][47.91831916][47.40609033][47.46237863][47.49474661][47.64374125][48.05461974][48.48742501][48.73626704][49.15678974][49.69021154][49.69596601][49.89103188][49.86989523][49.34013993][48.87418807][48.59410238][47.96999511][47.29705245][46.95881749][46.68177613][46.84625527][46.71210604][46.57540489][46.69983019][47.083464][47.04104403][47.12937611][47.34105946][47.26047004][47.33037628][47.06551033][47.25727274][47.21768747][47.33035283][46.97416405][47.11869595][47.75608203][47.68374213][47.12350351][46.95258542][47.07440867][47.48810739][48.2039357][47.27884211][46.18877976][45.64554191][45.48175025][45.96288023][46.08806312][45.86412472][45.8109627][45.85053936][46.11834007][45.86544596][46.21263303][46.87016135][47.14590214][46.41713394][45.70448246][46.07410319][46.00579572][46.24335495][46.42295963][46.3711633][46.64199618][46.96769876][47.36381795][47.25436687][46.76679292][47.32093211][47.68678045][47.63174553][47.69574385][47.62266698][47.72628325][47.78699301][47.69895875][47.85683153][47.96379528][47.8145591][47.96062182][48.01862389][47.77957489][47.58620766][47.19037493][47.49456385][47.58930206][47.45376615][47.63473921][47.59229584][47.36996453][47.30308753][47.20558829][46.87358871][46.84628511][46.92532305][46.803709][46.91947419][47.29330314][47.18125482][47.2265773][47.60274892][47.7202956][47.62276435][47.88752712][47.80241868][47.64700045][47.79021688][47.68673609][47.32720277][47.65600826][47.89367975][48.07606271][48.36857742][48.77355107][49.27616818][49.06911529][49.08700725][48.87698726][48.94384974][48.95953536][48.94717094][49.04760172][48.55155881][48.23463999][48.37172455][48.4995799][48.62754145][49.17512379][49.07200877][49.26066254][49.16963456][49.19949864][49.632283][49.59552326][49.71134184][49.84555037][49.74347386][49.69330854][49.45891971][49.3521121][49.30664847][49.4737706][49.5713316][49.56840564][49.58980714][49.47088885][49.40705566][49.47689418][49.47107171][49.50745996][49.7235086][49.70549279][49.43299366][49.59557943][49.72372688][49.66735583][49.29142301][49.41590113][49.24460677][49.02956247][49.07807913][49.1025275][49.47375585][49.71119319][49.66594285][49.41396183][49.2959915][49.13304619][49.30652751][49.43435633][49.31574158][49.35511174][49.49211652][49.48011499][49.79960388][50.43257654][50.68882126][50.96577443][51.03302311][50.93851211][51.0832002][51.09689196][51.36495814][51.2675269][51.17318381][51.13643301][50.99044099][50.78025024][50.90819094][50.78332658][51.2004432][51.11207604][51.52603092][51.55075058][51.39233546][51.34057748][51.21726724][51.09255926][51.20630979][50.9295601][50.710323][50.17441488][50.08306543][49.82732522][49.55325395][49.36437329][49.45563902][49.41925764][49.33400512][49.59581247][49.54102524][49.72673527][49.72365907][49.89719345][50.05248225][50.47559536][50.79526031][50.8472361][50.34489646][50.34465776][50.25337631][50.24747123][50.14387572][50.35377759][50.43910402][50.56386236][50.84129314][50.78629378][50.99324027][51.15792015][51.14252081][51.04224626][51.11813726][51.30375877][51.50486817][51.50324574][51.55784724][51.83377983][52.07411767][52.32077933][52.38192257][52.38191373][52.44882936][52.52807083][52.3454135][52.22961284][52.19391925][52.26299842][52.2936672][52.31171842][52.50657192][52.82456447][52.62867237][52.08960539][52.18364777][52.36976475][52.18103428][52.00734664][51.94962154][51.69974503][51.5903594][51.5563194][51.71504729][51.4136395][51.18515305][51.17001905][51.05701152][51.02700321][51.34324676][51.45628673][51.43169956][51.53537191][51.70269772][52.06029322][52.30250713][52.57963697][52.52195655][52.68310012][52.74726078][53.077426][53.19786626][53.18577322][53.02135858][52.7229833][52.87501862][52.96012398][52.75631554][52.63755666][52.59809803][52.63133296][53.07211951][53.09439436][53.33156758][53.44143673][53.3499902][53.19189928][53.40151818][54.1106718][54.3945204][53.93175449][53.80380168][53.66992937][53.57247165][53.50843195][53.56934225][53.79150829][54.01084564][54.21154189][54.30764301][54.36719041][54.20575489][53.88464178][53.79913566][53.87390583][54.04718953][54.24527272][53.90142122][53.65143885][53.2920322][53.63929588][53.38525856][52.70325509][52.16864333][51.84586974][51.97076976][51.93728667][51.8641863][52.10483094][52.20526159][51.92522021][51.52311644][51.14250274][50.85948566][50.93526468][50.82604105][50.17440873][49.74498963][49.41618717][49.41619015][49.6351324][49.61418775][49.40554229][49.35518839][49.65325716][49.63851838][49.85732199][50.05565283][49.63246283][49.26091307][49.30015068][49.26701544][48.60882078][48.56800497][47.62268145][47.53719874][47.45646447][47.91392209][48.31079939][48.34564789][48.12822756][48.56920312][49.19634267][49.15430596][48.74919357][48.52862119][48.79424779][49.22128373][49.08421648][48.66410334][48.56033353][48.36555082][48.42898633][48.27438159][47.97893818][48.0792865][48.36853911][48.85563589][49.14195351][49.3033006][49.39150273][49.70520983][49.69619885][49.53486069][49.52859585][49.692733][49.55006222][49.42507127][50.05192458][50.31731562][50.42990734][50.57310883][50.44824442][50.55486922][50.74649014][50.82601755][50.69333686][50.52450687][50.51822164][50.4910268][50.58204311][51.06471861][51.34944068][51.4409047][51.08782215][51.09399257][51.23079075][51.57164199][51.69648295][52.12720295][52.28399892][52.53116183][52.36367099][52.33904254][52.51383645][52.69546142][52.53724665][51.86139846][51.16406966][51.2019299][51.2826844][51.14877658][50.71320182][50.60676287][50.46049653][50.31747786][50.14089651][49.99162193][50.12552086][50.3127322][50.40874758][50.51506855][50.81023491][51.06935215][50.6403664][50.1866581][49.74815147][49.27620322][49.04443677][49.02646854][48.72965887][48.59661879][48.97913768][49.18448271][49.54071858][49.84221461][50.46016647][50.70264263][50.63714579][50.76820435][51.43403855][51.81832715][51.84893142][51.94933256][51.84896675][52.0528901][52.38764753][52.68011817][53.06970709][52.61658184][51.94913504][52.36934299][52.54476804][52.55853617][52.30608007][52.3380103][52.21147338][52.46998009][52.19312727][51.93736928][51.63727753][51.69973624][52.25047777][52.50042193][51.91912967][52.23237368][52.04398826][51.99802017][52.01877884][52.45166359][52.18103437][51.94644812][52.13054774][52.36662036][52.1077126][57.74977933][52.45454529][52.65711492][52.9388225][52.97261206][52.73205296][52.50983679][52.4608544][52.50200902][52.51286882][52.13831664][52.26301909][52.4610609][52.41532863][52.42265827][52.87472388][53.1734089][52.88732686][53.06063142][53.21935619][53.0150673][53.14604638][53.12173059][53.31666959][53.36548383][52.90273476][52.4030176][52.64051791][52.52197111][52.09580805][51.70441683][51.60207201][51.91889975][51.90688928][52.37834484][52.38493077][52.1288753][52.73747131][53.38928342][53.56009834][53.4898172][52.96368908][51.98909209][52.06197442][52.38749418][52.57382103][52.75632453][53.20648172][53.25575016][53.2191939][53.5140507][53.16600956][52.82650177][52.79238824][52.92081284][52.54625148][63.15008789][52.28452065][52.30847388][52.63742398][53.39892531][53.23143754][53.681462][54.33277552][54.44938754][54.1083297][54.14735778][54.68689967][54.60138168][54.80846941][53.79471396][53.38984099][53.48698907][53.89792956][54.10824718][53.98358625][54.41549484][54.89355733][55.39700396][55.26547248][55.0216633][55.1130834][55.34731282][55.32316198][55.21028742][54.80260594][54.23335592][53.63327253][53.31661327][53.29797232][53.36174319][52.21169033][51.08751247][51.36772186][51.66011248][52.07103793][51.33156617][50.88354774][51.02031675][51.49295166][51.37972931][51.46237136][51.71751603][51.76992852][51.10309741][51.28822665][51.78786474][51.95555329][52.25379007][59.8336998][52.7894742][53.13676719][52.92074753][52.56156239][52.56452963][52.63113847][53.5383872][53.61810641][53.46270578][53.60273961][53.56777015][53.79121629][54.16603116][54.2392202][54.33217693][54.17538109][54.24682104][54.34593938][54.31821109][54.42492138][54.68646037][54.60393308][51.25435391][54.71123919][54.66556016][54.94233922][55.15269817][55.28031477][55.26852834][48.58162208][55.3687321][55.43277189][55.68997813][56.09638225][56.21833853][56.1849293][56.26978394][56.31284664][55.94754078][55.813232][55.99422304][56.56974896][56.65384845][56.77244537][56.763579][56.43769909][56.10563194][56.08760734][55.86838495][55.65512373][55.62783474][55.65782848][55.67344297][55.52725367][55.64275614][104.43879371][59.74765964][60.01645514][55.65818786][55.21520124][53.05573456][55.13747583][72.13631125][55.68683096][45.67418704][56.17867632][62.38536541][60.11784466][56.10558734][55.90777861][56.25464989][71.10350918][56.09047126]
 Actual Values: 
 [58.01] [58.27] [58.42] [58.27] [58.65] [58.55] [57.53] [58.46] [58.09] [58.84] [58.24] [57.73] [57.34] [57.35] [57.57] [57.27] [57.36] [56.66] [56.71] [56.63] [57.02] [57.43] [57.44] [58.16] [57.709999999999994] [58.17] [58.04] [58.02] [58.29] [58.86] [58.53] [58.31] [58.01] [57.11] [57.57] [57.75] [58.32] [58.38] [59.33] [59.73] [59.61] [59.32] [59.39] [59.99] [59.92] [60.1] [60.85] [59.96] [58.69] [58.5] [58.57] [59.150000000000006] [58.66] [59.48] [58.89] [58.43] [58.9] [58.71] [58.5] [58.879999999999995] [59.07] [59.23] [59.37] [59.42] [58.73] [59.34] [58.68] [57.3] [56.42] [56.91] [56.18] [55.74] [55.34] [55.04] [56.0] [55.76] [55.94] [56.42] [56.87] [57.15] [56.97] [57.38] [57.67] [57.85] [57.87] [58.17] [57.32] [57.82] [58.27] [58.48] [58.18] [58.45] [58.55] [59.28] [58.78] [58.22] [57.81] [58.2] [57.3] [57.16] [57.89] [57.55] [57.09] [57.13] [56.81] [56.33] [55.85] [55.38] [55.04] [55.49] [55.44] [55.67] [56.03] [56.52] [56.230000000000004] [56.41] [57.36] [56.54] [56.95] [57.45] [57.93] [56.89] [58.21] [58.06] [59.4] [59.69] [60.43] [60.21] [60.34] [60.7] [60.72] [63.06] [62.0] [61.91] [62.29] [61.95] [62.89] [61.97] [62.75] [63.49] [63.06] [62.5] [61.81] [61.58] [62.02] [62.38] [62.41] [62.48] [62.21] [62.06] [61.87] [62.29] [62.66] [63.3] [63.61] [64.03] [63.79] [63.66] [64.22] [64.62] [63.82] [63.95] [63.69] [62.61] [63.0] [64.55] [65.33] [65.42] [66.31] [66.33] [67.5] [68.15] [69.05] [68.02] [66.68] [66.46] [65.85] [65.96] [66.93] [67.76] [66.8] [66.97] [66.6] [68.16] [68.19] [69.65] [69.37] [70.31] [70.27] [70.01] [69.89] [69.58] [69.22] [70.07] [68.76] [68.68] [69.18] [68.49] [68.49] [65.46] [64.72] [65.82] [64.75] [64.4] [63.36] [63.43] [65.03] [64.5] [64.63] [65.09] [65.54] [64.55] [63.74] [63.45] [62.09] [62.41] [62.3] [61.55] [60.29] [60.55] [60.67] [60.6] [61.13] [60.86] [61.56] [61.67999999999999] [62.87] [62.849999999999994] [63.58] [63.18] [63.17] [61.9] [61.53] [61.92] [62.48] [62.97] [62.86] [63.0] [63.64] [62.59] [62.51] [62.7] [63.11] [62.93] [63.05] [62.61] [62.0] [62.38] [63.120000000000005] [62.86] [62.74] [62.83] [63.55] [61.71] [61.7] [61.43] [60.33] [61.05] [61.59] [60.52] [60.31] [60.98] [60.12] [59.77] [60.15] [59.67] [60.3] [60.71000000000001] [60.99] [61.22] [61.29] [61.13] [61.12] [60.9] [61.25] [61.42] [61.4] [61.09] [60.45] [59.29] [58.65] [58.25] [57.99] [58.2] [58.42] [58.45] [58.06] [57.73] [58.3] [58.73] [59.6] [59.38] [58.97] [58.01] [57.72] [57.23] [57.81] [57.89] [57.89] [58.51] [59.04] [59.39] [60.53] [60.58] [59.59] [60.27] [60.24] [60.19] [60.47] [61.12] [60.43] [60.18] [59.62] [59.87] [59.19] [59.37] [60.19] [59.85] [60.25] [61.46] [61.5] [61.44] [61.04] [60.47] [60.59] [60.8] [60.77] [60.56] [61.12] [61.36] [61.98] [62.92] [62.09] [62.16] [61.54] [59.23] [58.77] [56.48] [56.85] [57.58] [57.57] [56.11] [55.7] [55.22] [54.91] [54.96] [55.74] [54.78] [54.65] [55.4] [55.39] [55.59] [56.11] [56.49] [56.95] [56.75] [56.72] [56.65] [57.46] [57.79] [58.01] [58.06] [58.56] [57.97] [58.57] [58.82] [58.58] [58.099999999999994] [58.95] [58.879999999999995] [59.3] [59.55] [59.82] [60.64] [60.56] [60.82] [61.32] [60.92] [61.44] [60.44] [60.42] [60.06] [58.82] [58.87] [59.07] [59.38] [59.7] [59.98] [58.23] [56.72] [56.76] [58.35] [58.56] [58.48] [58.96] [59.86] [58.81] [59.34] [60.53] [60.89] [59.96] [60.02] [59.78] [59.87] [60.61] [61.23] [60.52] [59.57] [60.09] [60.17] [60.37] [60.32000000000001] [58.56] [58.43] [58.98] [59.56] [61.41] [63.49] [62.75] [62.02] [62.5] [62.69] [62.66] [63.48] [63.46] [63.36] [62.52] [62.3] [62.459999999999994] [61.92] [62.36] [62.1] [62.54] [61.79] [61.71] [62.29] [63.02] [62.76] [61.74] [61.76] [63.09] [62.52] [62.22] [62.61] [64.25] [64.97] [65.64] [66.84] [67.69] [67.21] [67.89] [67.8] [68.13] [68.06] [67.13] [67.5] [67.09] [66.34] [67.15] [67.35] [67.19] [68.55] [69.25] [69.71] [67.94] [68.27] [67.74] [68.62] [68.25] [69.2] [69.7] [70.14] [70.81] [71.19] [70.73] [70.58] [71.11] [72.05] [72.53] [72.42] [71.9] [71.99] [72.38] [72.78] [72.91] [74.08000000000001] [73.9] [74.12] [74.94] [74.6] [73.37] [73.38] [73.72] [73.86] [73.29] [73.9] [72.88] [72.73] [73.27] [73.71] [73.38] [71.1] [69.19] [69.1] [69.22] [68.69] [68.86] [69.4] [70.5] [71.35] [71.09] [72.12] [72.24] [72.42] [73.35] [73.5] [73.35] [73.84] [73.57] [73.8] [71.52] [70.38] [35.8] [35.91] [35.81] [36.43] [36.4] [36.72] [36.77] [36.97] [37.17] [37.9] [38.29] [38.27] [38.46] [38.86] [39.13] [38.94] [39.0] [39.23] [38.7] [38.7] [38.93] [38.97] [39.12] [38.68] [38.48] [39.26] [39.86] [40.02] [39.52] [39.98] [40.45] [40.91] [40.47] [39.74] [40.37] [40.18] [39.61] [39.4] [39.38] [39.48] [39.67] [39.67] [39.45] [39.71] [40.29] [40.48] [39.75] [39.46] [39.95] [40.14] [39.84] [40.54] [40.16] [40.05] [39.43] [39.33] [39.33] [39.24] [39.55] [39.56] [38.84] [38.06] [38.85] [39.33] [38.99] [39.17] [38.46] [38.82] [38.89] [38.01] [38.28] [37.87] [37.96] [37.69] [38.47] [38.78] [38.78] [38.57] [37.09] [37.7] [37.53] [37.46] [37.78] [38.6] [38.98] [38.91] [40.0] [39.73] [40.1] [40.42] [39.76] [39.2] [39.02] [38.33] [37.63] [37.0] [36.64] [36.99] [36.53] [36.74] [36.43] [36.88] [37.06] [37.12] [37.42] [37.4] [37.41] [37.13] [37.28] [37.19] [37.33] [37.01] [37.08] [37.38] [38.02] [37.35] [36.77] [37.08] [37.0] [38.06] [37.69] [36.55] [35.48] [35.04] [35.6] [36.12] [35.67] [35.74] [35.72] [35.91] [35.56] [35.9] [36.5] [36.98] [36.72] [35.69] [35.84] [35.84] [36.24] [36.33] [36.24] [36.39] [36.67] [37.35] [37.65] [36.48] [37.07] [37.88] [37.63] [37.81] [37.65] [37.85] [37.76] [37.99] [37.66] [38.21] [37.94] [38.01] [38.22] [37.96] [37.86] [37.27] [37.33] [37.75] [37.58] [37.62] [37.7] [37.49] [37.43] [37.37] [36.82] [36.87] [36.88] [36.84] [37.07] [36.88] [37.37] [36.99] [37.53] [37.99] [37.72] [37.89] [38.06] [37.65] [37.89] [37.89] [37.23] [37.55] [37.97] [37.9] [38.4] [38.84] [39.59] [39.46] [39.06] [38.95] [38.9] [39.26] [39.12] [39.2] [38.98] [38.36] [38.49] [38.61] [38.81] [39.03] [39.33] [39.36] [39.62] [39.03] [39.94] [39.71] [39.86] [40.24] [40.01] [40.04] [39.89] [39.55] [39.63] [39.54] [39.73] [39.85] [40.01] [39.71] [39.69] [39.59] [39.87] [39.72] [39.85] [40.13] [39.76] [39.7] [40.03] [39.94] [39.65] [39.5] [39.59] [39.4] [39.21] [39.36] [39.53] [39.94] [40.1] [39.79] [39.58] [39.41] [39.54] [39.63] [39.7] [39.52] [39.64] [39.77] [39.63] [40.37] [41.0] [41.16] [41.52] [41.25] [41.51] [41.46] [41.87] [41.8] [41.76] [41.5] [41.53] [41.14] [41.41] [41.17] [41.66] [41.44] [41.77] [42.18] [41.89] [41.83] [41.73] [41.54] [41.47] [41.5] [41.26] [40.6] [40.57] [40.31] [39.92] [39.6] [39.69] [39.78] [39.64] [39.89] [39.88] [40.05] [39.96] [40.15] [40.3] [40.66] [40.97] [41.41] [40.8] [40.51] [40.47] [40.69] [40.46] [40.53] [40.66] [40.74] [41.4] [41.11] [41.24] [41.69] [41.5] [41.59] [41.43] [41.54] [41.88] [42.14] [41.69] [42.3] [42.4] [42.68] [43.0] [42.99] [42.96] [43.14] [43.0] [42.77] [42.84] [42.68] [43.0] [42.74] [42.93] [43.12] [43.5] [42.71] [42.43] [42.98] [42.89] [42.52] [42.67] [42.19] [42.31] [41.68] [42.19] [42.02] [41.54] [41.63] [41.21] [41.55] [41.52] [41.97] [41.77] [42.0] [42.02] [42.32] [42.65] [43.09] [43.09] [43.05] [43.32] [43.5] [43.79] [43.87] [43.74] [43.39] [43.43] [43.31] [43.36] [43.14] [43.24] [43.12] [43.0] [43.78] [43.69] [44.07] [43.85] [43.94] [43.69] [44.22] [45.3] [44.66] [44.51] [44.43] [44.31] [44.13] [44.22] [44.33] [44.67] [44.75] [44.94] [45.26] [45.03] [44.76] [44.38] [44.57] [44.53] [44.89] [44.94] [44.24] [43.75] [44.19] [44.275] [43.595] [42.72] [42.29] [42.45] [42.53] [42.31] [42.65] [42.79] [42.62] [42.03] [41.64] [41.38] [41.08] [41.43] [40.7] [40.12] [39.77] [39.76] [39.7] [40.07] [39.81] [39.6] [39.59] [40.02] [39.85] [40.47] [40.13] [39.65] [39.28] [39.74] [38.46] [38.87] [37.78] [37.5] [37.49] [37.14] [38.43] [38.31] [38.38] [38.32] [38.93] [39.51] [39.0] [38.71] [38.33] [39.45] [39.5] [38.97] [38.71] [38.58] [38.05] [38.58] [38.11] [38.07] [38.35] [38.84] [39.31] [39.44] [39.46] [39.81] [40.0] [39.84] [39.72] [39.71] [39.94] [39.49] [39.91] [40.61] [40.64] [40.95] [40.73] [40.89] [40.88] [41.37] [41.0] [40.97] [40.72] [41.02] [40.7] [41.29] [41.64] [41.96] [41.53] [41.59] [41.59] [41.83] [41.97] [42.29] [42.44] [43.22] [43.0] [42.76] [42.69] [43.26] [43.23] [42.76] [41.84] [41.57] [41.77] [41.71] [41.08] [41.07] [40.87] [40.74] [40.6] [40.32] [40.39] [40.54] [40.74] [40.65] [40.8] [41.41] [41.3] [40.75] [40.24] [39.77] [39.15] [39.31] [39.24] [38.37] [39.17] [39.18] [39.58] [39.93] [40.47] [41.13] [41.04] [41.28] [41.16] [42.17] [42.27] [42.39] [42.33] [42.43] [42.71] [43.1] [43.42] [43.77] [42.18] [42.61] [43.1] [43.25] [42.94] [42.88] [42.85] [42.93] [42.83] [42.59] [42.01] [42.16] [42.37] [42.98] [42.53] [42.49] [42.71] [42.4] [41.94] [42.89] [42.85] [42.45] [42.53] [42.98] [42.52] [42.65] [42.74] [42.94] [43.35] [43.65] [43.38] [43.22] [42.89] [42.93] [43.24] [42.72] [42.69] [43.05] [43.0] [42.72] [43.09] [43.69] [43.58] [43.47] [44.05] [43.55] [43.66] [43.68] [43.96] [44.16] [43.9] [42.78] [43.1] [43.18] [42.88] [42.38] [41.88] [42.27] [42.43] [42.53] [43.1] [42.43] [42.77] [43.71] [44.18] [43.98] [44.12] [42.53] [42.47] [42.57] [43.05] [43.31] [43.38] [43.98] [43.94] [43.76] [44.0] [43.7] [42.92] [43.53] [43.14] [42.98] [43.03] [42.6] [43.01] [44.18] [43.91] [43.87] [44.44] [45.26] [44.9] [44.4] [45.58] [45.22] [45.61] [44.66] [44.14] [43.97] [44.32] [44.8] [44.77] [44.83] [45.37] [46.1] [46.31] [45.74] [45.89] [45.96] [46.22] [45.81] [45.73] [45.43] [44.43] [44.03] [43.71] [43.84] [43.59] [41.26] [41.62] [42.1] [42.56] [42.16] [41.16] [41.0] [42.3] [41.49] [42.06] [41.7] [42.44] [41.7] [41.26] [42.07] [42.42] [42.6] [43.16] [43.0] [43.54] [43.65] [43.23] [43.15] [42.88] [43.73] [44.35] [44.0] [44.15] [44.18] [44.08] [44.75] [44.97] [45.16] [44.95] [44.99] [45.21] [44.88] [45.13] [45.13] [44.77] [45.75] [45.52] [45.45] [45.5] [46.0] [45.85] [46.25] [45.97] [46.1] [46.24] [46.4] [46.78] [47.08] [47.17] [46.84] [47.32] [47.07] [46.59] [46.53] [47.27] [47.63] [47.6] [47.88] [47.6] [46.88] [47.13] [46.92] [46.52] [46.64] [46.21] [46.65] [46.37] [46.47] [46.32] [46.56] [46.84] [46.71] [46.14] [45.88] [45.95] [46.1] [46.33] [46.46] [47.03] [46.49] [46.38] [46.99] [46.8] [46.95] [47.34] [47.0] [46.86] 
 ---------