Company Name: Altria Group Inc 
Ticker Symbol: MO 
sentiment1: F.D.A. Permits the Sale of IQOS, a New Tobacco Device 
 U.S. Allows New Device For Tobacco 
 published on 2019-04-25 
---sentiment2: How Big Tobacco Got a New Generation Hooked 
 Big Tobacco’s Latest Ploy 
 published on 2019-04-25 
---sentiment3: Tobacco and E-Cigarette Lobbyists Circle as F.D.A. Chief Exits 
 Tobacco Lobby Seizes Opening In Exit at F.D.A. 
 published on 2018-11-29 
---sentiment4: Juul Closes Deal with Tobacco Giant Altria 
 Juul’s Future Is Now Tied To Industry It Disrupted 
 published on 2019-01-04 
---sentiment5: Altria to Stop Selling Some E-Cigarette Brands That Appeal to Youths 
 Altria Jockeys For Advantage  By Dropping Flavored Vapes 
 published on 2018-12-04 
---
Current Value: 52.59 
Prediction: Decrease 
Perecent_correct: 0.7090909090909091 
Predicted Values: 
 [108.96653468][108.86307293][108.71230198][108.49350263][108.18914486][108.00830639][108.1269748][108.24817968][108.43135549][108.23341075][107.95676494][107.84591372][107.65104943][107.37314578][107.39089655][107.12494962][107.02111726][107.10683941][107.13078563][106.95913891][107.14826158][106.84697533][106.58076758][106.58934693][106.53949362][106.43854342][106.3355268][105.73821776][106.21948171][107.31013413][107.79570121][107.89647169][108.2684407][108.23338125][108.23334516][108.25079925][108.54368258][108.70324799][108.74486234][108.51713207][108.39599584][108.28063485][108.32481611][108.42847639][108.29845097][108.22718074][108.25110556][108.182263][108.15951895][107.85803899][107.72795303][107.60647663][107.14850231][106.90023139][106.69922324][106.56899387][106.41818096][106.48005527][107.45557803][107.64805666][107.63031988][107.61240468][107.39684693][107.21952288][107.71889751][107.90210459][108.04112124][107.87861749][107.80173116][107.99385976][108.147367][108.18319847][108.04428961][108.31295449][108.41667907][108.57312465][108.64125366][108.65007198][108.70637698][108.9869599][108.88084861][108.9870021][108.99011558][109.28532004][109.52208902][109.55185162][109.5251697][109.53403985][109.37455814][109.18497306][109.48067319][109.67717715][109.87085255][109.99218731][109.92882368][109.33007585][109.0227413][108.77741131][108.50229931][108.73542352][109.06394485][109.10551548][108.99319603][108.88815491][109.04612367][109.11724722][108.81287922][108.79358623][108.59994715][108.4550597][108.55545828][108.85676922][108.81283373][108.83935603][108.85561335][109.09929028][109.20863201][109.24431349][109.14962457][109.72853942][109.84454865][109.84135277][109.71440521][109.8826125][110.19018166][110.36626087][110.36464848][110.46196331][110.1550399][110.08924521][109.95385958][109.70854534][109.77321412][109.96252486][110.22918183][110.2787372][110.52271433][110.67204755][111.0412798][111.13929653][111.16114229][111.19208285][111.29899108][110.95903974][111.02070765][111.1362875][111.09788783][111.15368823][111.41677792][111.57072289][111.8511523][111.85456728][111.83955197][111.91374374][111.73645378][111.59702739][111.37547447][111.51438662][111.81910924][111.32844843][111.1126128][110.94099489][110.94970436][111.02393809][110.63074669][110.41783871][110.74598155][110.95294267][110.86993541][110.57177992][110.44719286][110.4326382][110.48578624][110.70442949][110.51848449][109.67305404][109.67854553][109.54850788][109.81738375][110.03346868][110.27888565][110.07919214][110.13677104][110.18118187][110.1607289][110.31445175][110.61858074][110.92628132][111.12409747][111.48650664][111.49699682][111.54121064][111.73010047][111.79256661][111.60008797][111.69182609][111.56500689][111.24286968][110.53336955][110.47372785][110.53028627][110.46531423][110.40321823][110.12830254][110.18710885][110.31738241][110.32044582][110.21406253][110.03671509][110.23738543][110.21998776][109.96574459][109.95679968][109.92141664][109.54737384][109.29757672][79.51430666][108.81281011][108.57046112][108.48161961][108.90665355][109.11440091][108.88340083][108.69760545][108.77980919][108.83947016][108.91913368][108.927682][109.10841185][109.265939][109.35666115][109.65798936][110.011158][109.62579761][109.59594649][109.97443303][110.07482068][110.35842786][110.53612534][110.44461854][110.08101637][109.92732788][109.7809531][109.70246577][109.59322372][109.28582794][109.38881635][109.49556848][109.53097774][109.52810652][109.52773285][109.58134964][109.50154485][110.0628843][110.27013163][110.34078488][110.24067534][110.29063185][110.44149413][110.57167871][110.64560659][110.94090003][111.00607495][111.05653843][110.85530929][111.24508219][111.76546012][111.84884669][111.77736194][111.91046277][112.02308241][112.00233865][112.24177421][112.18580021][111.97873764][111.99357804][111.89904545][111.92225903][112.17952647][112.31551755][112.4814083][112.31883261][112.26254595][111.95527041][111.73633553][152.26555483][111.6803272][111.67425046][101.53869684][111.58258733][111.63552109][111.70070863][111.62406745][111.87222318][112.10575996][111.98772605][112.06126322][111.98466699][111.71573517][111.74811252][111.92528635][112.38916075][112.57582523][112.85956054][112.61437618][112.6378895][215.59997925][112.75625947][112.76514514][112.79160796][112.58481035][112.36306478][112.08824617][111.96092847][111.77773561][111.76285301][111.98181786][111.72403618][187.2614584][188.65113553][111.67301961][111.72759656][111.81020699][111.98752928][111.87242324][111.81005983][111.67443759][111.42018702][111.18074182][110.59842681][109.98296995][109.6022099][109.26192674][109.01668137][109.33249254][109.92690437][110.08689305][109.90649643][109.8918729][109.85288445][110.16633053][110.26715086][110.07505964][110.15450805][110.20519567][110.18120831][110.30228354][110.3144342][110.44124118][110.83737704][111.06756397][111.61556043][111.62391571][111.52070103][111.48780286][111.41710786][64.38957727][110.83190047][110.83481797][110.87258319][111.07121708][111.1287031][111.03875487][110.84623931][283.98205244][647.77429055][111.45844258][111.69764988][111.78351873][111.76896889][111.88109463][111.95806535][112.02008302][112.13848101][112.19159579][112.18246634][112.30649413][112.47815882][112.61419729][112.28881483][112.53720693][112.6587166][112.80049974][112.75907298][112.78877129][112.91865238][112.84795822][112.87709833][113.19607939][113.98810403][114.3081009][114.17181313][114.29338181][114.13358401][114.10122241][114.05698825][114.24895746][114.31561971][114.33174586][114.60084517][114.69537013][114.62462131][114.34958713][114.62398376][114.47372271][114.34075001][114.64167505][114.86367534][114.85213448][114.8964937][114.92311133][115.23599944][115.48590156][115.53217115][115.31798125][115.30441925][115.3781921][115.41376274][115.54661037][116.05155667][116.41849601][115.82767511][115.49936112][115.73854656][115.7242016][116.09016251][116.74933035][117.07216212][116.77374251][116.36875401][116.0789918][115.93417957][115.81144999][115.963232][115.87938506][115.87790889][116.26175175][116.45688604][116.61098733][116.76762816][116.71130305][117.31759966][117.34714929][116.51358059][116.04626394][115.75659729][116.03127226][115.85089421][115.95737083][115.88394496][115.98711944][115.86311657][115.74487824][115.65904983][115.62673455][114.95562421][114.71891777][114.79870223][114.86089004][115.21464799][115.410012][115.52281543][116.0105593][115.9311271][116.09658471][116.15574871][116.28294899][116.38027323][116.56373679][116.52838019][116.48086552][116.5253122][116.69077462][116.78253767][116.70272851][116.74091062][116.91550731][117.16047211][117.17275288][117.10456898][117.131137][117.29083511][117.42403302][117.62770247][117.14903293][117.04854866][117.85179714][118.01782565][118.27503231][118.43508399][118.64185927][118.8751116][118.78671476][118.98985514][118.99966411][119.27996892][119.44560037][119.59381359][119.4814128][119.23614734][119.54896069][119.9587564][119.82142644][120.01584995][120.15515822][120.3529042][119.97192752][119.73836323][119.27426056][118.77442528][119.18554893][119.7054078][120.28215173][120.60722894][120.81763524][120.76423014][121.03312764][121.07786816][121.0332855][120.93570983][121.47649112][121.96389435][122.49025522][122.91047376][122.85740554][122.86007388][123.0287403][122.78935893][122.46698721][122.75923329][122.3785919][122.15348953][122.44483416][122.37259061][122.10646854][122.35472266][122.62960463][122.55265142][122.7566119][123.26490605][123.33892444][123.51049687][123.93566986][123.95410848][123.97469157][124.12373024][123.72929928][123.58374918][123.27950878][123.06671224][122.91041076][122.74687783][122.96910907][123.94147485][124.10163139][123.20594563][123.51934798][123.5904667][123.58713612][123.37468092][123.18237367][122.82781302][122.44622853][121.97617465][122.36313382][122.83899207][123.62831299][123.85946917][123.92420048][124.32306828][124.38794523][125.21553394][125.58073016][126.69104196][126.72051117][127.20292104][127.07879899][126.93960614][127.01300838][127.18483588][126.8712471][126.54914046][126.28299205][126.7530525][126.85961175][126.74181091][126.16525045][125.9640158][126.34828897][127.06604533][127.76090888][127.74388089][127.46809576][127.61055273][127.96536151][128.01266389][128.13517361][128.17235107][128.2197][128.38789483][128.67459799][128.86551783][128.86856877][128.51834436][128.27601418][127.19415047][126.46369522][126.11496119][125.76037164][124.9826146][124.62226778][124.81997685][124.66350741][124.35295595][124.25834683][124.37365469][124.51221328][124.43261289][123.86552817][123.12854589][123.26782582][123.66735021][123.37775503][123.31836193][123.92075577][124.37008292][124.67199426][124.58632727][124.67222605][125.32496794][125.0123798][124.85225077][124.92040859][124.96475123][124.76697093][125.27174385][125.38771371][124.93555823][125.22442243][125.19859891][124.74641586][124.44441291][123.99545274][123.2120427][123.4924459][123.79751116][123.48703469][123.62272863][123.9739567][124.90076802][124.79365039][124.01722259][124.16086779][125.02597989][125.50581239][125.23846335][124.79077222][124.84363992][124.63705093][124.3354599][124.2347865][124.61865757][124.7108909][124.35889975][124.2377795][123.87435047][123.7117809][123.22094518][122.36385354][121.58597037][121.78690482][122.33619283][121.83453973][121.46804141][121.10403871][121.23640836][121.6742572][122.41007393][122.54670868][122.84236203][122.78655][122.27792813][122.32217804][122.60283725][122.30442635][122.22306168][122.31039776][122.39022854][122.66129459][124.08823583][124.19937983][124.3590307][124.41504231][124.4505784][124.28808757][124.27919709][125.38310933][125.82186075][126.25342491][126.29244967][126.50494249][126.53486272][126.47259793][126.49583008][127.39386153][127.68465871][126.69681461][127.06103599][127.13471069][127.36500411][127.86166514][128.09409461][127.98617744][128.20628417][128.2514203][128.0272732][128.01573517][128.12401469][128.07178699][127.93008931][127.52491145][127.32315139][126.95094119][124.1686003][125.7719634][125.87535095][126.41779401][126.65989768][126.51405419][125.27264375][125.69171555][126.29190879][125.5637446][126.00516645][126.36034467][125.94018348][125.5471075][125.42032007][126.31455319][127.94775438][127.57827788][126.9918443][127.27342713][126.88925411][126.89509059][127.06483787][127.47433926][127.34073466][127.11116365][127.25016172][126.97231602][127.06884157][128.00649794][128.07761796][128.15136811][128.56816204][129.2447439][129.56110868][129.84551938][129.83489779][130.20604699][130.7819686][131.35523197][131.74034887][131.90639833][132.83877689][133.15656018][133.21550861][132.93763447][133.17718439][133.33073666][132.81067704][132.58602004][131.27951087][130.20308854][130.4280569][129.75409498][129.34258896][129.29859071][129.55233997][129.36366396][129.00003488][128.96711118][129.16263594][129.3015468][129.7769349][129.88041324][129.79791222][129.80095376][129.81309983][129.97241029][130.1763106][130.01393132][130.19701745][129.80113278][130.31756797][130.68202479][130.38653176][130.10544005][129.66229785][129.05610092][129.41733818][129.96946491][130.69562618][130.80043061][129.99649511][129.74198852][129.81247933][130.41274775][130.51061398][130.40115812][130.89770983][131.02042235][130.57750961][129.71859545][130.38540924][130.95282497][130.55974524][130.68140688][131.30497856][131.76122358][130.89229088][130.34135304][129.68501201][130.40355553][129.84223771][129.76566933][130.40714129][130.75854533][131.15431234][131.3611169][131.23032391][132.67376006][132.83373299][132.44381951][132.33432029][131.57446553][131.81432506][131.82795396][132.44319219][132.44669768][131.89063767][132.21035572][132.25766316][132.4113875][132.41718178][132.5562076][132.9936723][133.26542245][133.10908183][133.80153887][133.88386444][133.50470275][133.75064995][133.31307181][133.7100651][134.35436738][134.22360432][133.84178661][134.39792407][134.61077939][134.20010064][133.83932008][133.59078175][133.74152097][134.02509031][133.81581676][133.46052853][133.1475525][133.12906099][132.81321573][133.2176747][133.84466195][134.16103438][134.36672574][134.46238622][134.75855052][134.66400982][134.94735771][134.98891106][135.2371667][135.35595772][135.3023683][134.97472974][133.83608061][133.45218096][133.77037585][133.64428265][133.40162253][132.80478747][132.32264613][132.80406641][133.15930046][133.401424][133.81924086][134.33228122][134.70206227][134.80275624][134.81732131][134.61897956][134.55140287][135.06562577][135.84303217][136.07484877][136.34272052][136.30997974][136.06774582][135.72251598][135.0189747][134.77308943][134.96272435][134.76437102][135.33237117][135.43837467][135.46214164][135.56564865][135.49476055][135.63595187][135.75494234][136.4546147][136.75404071][136.59141671][136.75648714][137.06409544][137.21767461][136.73316002][136.56163424][136.80271453][137.04026464][137.0113427][137.20313548][137.61399913][137.58170488][137.65872132][137.88939491][138.72500836][138.88534602][139.17217224][139.65277679][140.18890466][140.46755159][140.59083809][140.54986716][140.55237635][140.75071643][140.32209576][140.00257669][139.94640745][140.22734852][140.18029752][139.99074045][140.09453497][139.8196838][139.86397896][139.77226446][139.51219963][139.03644411][138.19044333][138.71621779][138.82316998][138.79680989][138.11995335][137.88599353][137.86252218][137.68506084][137.87126244][138.01902418][138.14346431][138.08726251][137.73269575][137.50110184][137.71469814][137.64982166][137.63793359][137.60846049][137.77100162][137.49316509][137.39565325][137.36553709][137.27270045][137.32464208][137.2326731][137.42185395][138.0572406][138.26139984][138.18481455][137.93940827][136.57547255][135.77439961][135.55083706][135.02767124][134.75539943][134.56072932][134.4571298][134.58843087][134.87624639][135.53570656][135.66636577][135.10764283][134.89761571][135.24028805][134.86817142][134.85000526][134.61384891][134.08477856][133.28060349][133.28584309][133.80375884][133.80969477][134.01979323][134.14487391][134.33704776][134.24735976][134.19976352][134.45699205][133.8453625][133.62939852][135.43526226][136.10535091][136.32257822][136.01793369][136.01980802][136.90960955][137.31552074][137.23012936][136.72413729][136.50615526][136.19820146][136.44447808][137.05481095][135.63364954][134.43363649][133.69284057][133.22126458][133.30653548][134.04840098][134.42742691][134.53363612][134.96186535][135.66004066][135.5095846][135.86558533][136.19779088][136.4426635][136.08551705][134.88884043][135.17453941][135.38229418][135.48507841][136.47944603][136.66787648][137.34727713][137.71742856][137.94753361][137.84179124][137.35064097][137.99920778][138.72840476][138.31460406][138.62208355][138.58930831][138.80866739][138.91494724][138.68143691][138.76658687][138.91510487][138.85277602][139.26632765][139.0774383][139.17193833][139.17795094][139.03633948][138.88086522][138.63409409][138.65774998][139.26915455][139.89074085][140.29518215][140.73565842][141.21459208][141.42169577][141.75285654][141.69388977][141.66709571][141.885634][141.96872695][141.78936556][142.33498278][142.26101928][142.12806844][142.57318337][142.82562808][142.90246808][142.98554704][142.89991211][142.60123802][142.62156486][143.04429671][143.26892138][143.80656533][144.0260838][144.59014862][144.79158157][144.88920119][145.05122807][145.62772188][145.9088234][145.87684334][145.74965704][146.02357482][146.04677899][146.30648726][146.54035727][146.0598687][145.78216511][145.84702784][145.81772612][145.66355747][145.73433626][146.07736193][145.98003981][144.53692666][143.92133278][143.57324871][143.59289808][143.5355356][143.13352671][142.4653405][142.33796684][142.46815471][142.72555485][142.34428125][142.39378558][142.50680557][142.62160224][142.78467512][142.37665814][142.56492533][142.98528881][142.82151682][142.18153854][142.21799564][142.90805091][143.03889337][142.66652026][142.20804532][142.27289383][142.08707236][141.5297549][141.34489139][141.28853019][141.51612517][141.57245486][141.41302522][141.10987737][141.12880128][141.37862818][141.34761003][141.74941289][141.57825785][141.39808185][141.53951342][142.32532737][142.85208455][143.23347427][144.28774749][144.63189767][145.1814907][145.56622957][145.4951574][145.49245626][145.37121859][145.37677979][145.75692833][145.65206364][145.55409749][145.6283472][145.13456374][145.85250747][146.27206025][147.07933069][147.56141215][147.5262086][147.32216984][146.84351146][146.659676][146.73365372][146.17833789][146.01841396][145.44212058][144.9336883][144.98389141][144.96882886][144.70896372][144.78306169][144.56108081][144.12375915][144.25356089][144.15328867][144.28010345][144.06758227][143.81896436][143.92356817][144.04659625][143.8931111][143.57396255][143.25767016][142.66638144][143.4497319][142.308964][136.83335197][137.05430824][137.01416561][137.10975102][137.19708754][137.13054823][137.07626268][136.82184613][136.45543809][136.2456818][136.16518855][136.62340313][136.72424425][136.45560618][135.63055723][135.64602071][135.79327243][135.44734121][135.28491116][135.63612501][135.53603626][135.42614068][135.53009399][135.44172665][135.08388161][134.82359815][134.83789198][134.80902011][134.22952566][134.25610308][134.140905][134.35661862][133.94854332][134.15825519][134.05906607][134.1055202][133.67686066][133.16206237][133.92990442][134.9318465][136.02154876][135.89690215][135.929124][135.44461034][134.81044973][134.84099323][135.09925949][135.32322643][134.89477918][135.02509617][136.13529653][136.43781415][136.51687796][136.81896045][136.63551816][136.51165258][136.2485288][135.90245195][136.25691574][136.26335475][135.76387608][135.60701112][136.68160881][136.73333692][135.95309079][135.7572549][136.15660461][135.84062748][135.55080955][135.21087067][135.45826685][136.07337673][135.98524035][136.23885055][136.94236668][137.18353819][136.9401765][137.08314265][137.38582067][137.49870656][137.21488709][136.97877493][136.86359871][136.68310759][137.30574564][138.41784023][138.91454995][139.3785433][140.483242][141.01948882][141.89928017][142.13423968][142.15796903][142.24956787][142.42959695][142.81345403][142.77542756][142.65754738][142.99082203][167.66681062][143.46456922][142.91172496][142.65719627][142.71037511][143.04114821][142.61328302][142.23402141][142.00256073][141.41870995][141.27396003][141.17932011][141.11120814][141.07595076][140.95721334][141.28376671][140.88371155][140.41138703][140.73645973][140.92964957][141.87634141][141.96835328][142.1075435][142.24631335][141.72041655][141.47982753][141.19422693][140.75642864][141.05458719][140.89516695][140.78860477][138.83502705][137.24889336][138.27190447][137.24741775][135.84656081][136.54887966][136.79771231][136.78626762][136.70679039][136.91610345][136.21025503][135.72792673][135.6180569][135.75705377][136.5967654][136.32837241][135.38823094][134.58634832][134.2850523][135.17097246][136.10619838][135.94930933][136.40113567][137.00245444][137.2304522][137.51216529][136.4910178][135.47041528][135.29943973][134.60488602][133.99907345][132.6921424][132.4012177][132.13673346][131.77599885][132.48676494][133.80678541][134.31783412][133.60003876][133.86989952][134.6657852][135.7244967][135.81682772][135.2272935][135.68662702][135.68356751][135.47411471][135.47385916][135.77387365][135.78161569][134.18601788][131.57817204][129.7687137][129.28668032][128.58650065][128.11117174][128.09534417][128.12362467][128.87022114][128.34657104][128.46644751][128.63853649][128.73361613][128.49173285][127.87104778][128.31336785][128.57400852][128.20319468][127.75828708][127.20283007][127.46250761][127.80259188][128.01830749][128.12650781][127.97330146][128.12749488][128.34396088][128.28168316][128.01832347][128.74229739][128.5833988][128.30836508][128.39955288][128.62892857][128.71933875][128.99797123][129.61413165][130.30324311][130.28617362][129.9374055][129.10657495][129.59755532][129.38165851][129.11779374][129.16873654][129.0859217][129.29835962][129.29842697][129.00305585][128.56841476][129.30682179][129.44955949][128.67483343][128.73660807][129.48385351][130.3356281][130.35414959][130.75589695][130.88908194][130.68519422][130.53777095][130.13242805][129.63821693][129.68547229][129.16658018][129.64655555][129.83963941][130.12882614][130.25780858][128.97838805][129.69310579][130.4418017][130.90071506][130.52555429][130.74937896][131.51776676][131.96169608][131.85585479][131.19949824][131.0628174][131.25558507][131.1402711][131.33804659][131.79846687][132.58543562][132.89015389][132.90651136][132.4678794][131.82031518][131.6512852][131.1640798][131.08355887][130.91283269][130.64953377][130.70837724][130.77645747][131.0777094][132.05230381][132.61534821][132.67123429][132.90469339][132.14848271][133.99145683][133.80988978][133.66423834][134.03108618][134.18522744][133.82949826][133.9306032][134.19253115][133.59078188][133.15053105][132.85779053][132.83516826][132.55641988][132.32561703][132.79773144][133.22543461][133.15509114][133.72073477][134.58917698][134.85517627][135.0679481][134.17886393][132.2251511][133.08942596][132.8756539][132.69483789][133.20001023][133.41260893][133.6290941][210.88260335][134.12854969][134.44307451][135.21977751][59.68647952][136.89202451][136.76575647][135.95557802][135.31695834][135.94895944][136.12982148][136.79209469][136.70049762][136.3428428][133.54075552][132.71290826][132.02729923][130.4192466][129.33426127][128.91439642][128.38766564][127.77350351][126.9070901][126.20953422][126.42311096][127.17787522][128.2959127][128.04826111][127.95531418][127.91797922][127.15797494][127.71667722][126.68562263][126.71724372][126.80645033][126.4276932][125.99083913][125.57636433][124.74641313][124.50290341][123.53129223][122.36023003][121.1660592][121.3902204][121.73050931][122.43162556][122.42847846][122.39566949][122.27734325][123.09308702][122.51753179][122.52872589][160.75236114][122.66522288][122.28056452][121.93812021][121.39688461][120.98616413][120.53797251][121.39012997][120.05503283][118.6093002][117.87643511][117.90799107][118.74156977][119.41613797][120.63273262][122.52734246][122.57949226][122.2393116][122.2691553][122.41381755][122.25715088][190.93579619][122.11540428][122.57878606][122.65344765][122.34479115][122.30457351][122.23167054][108.75313501][123.52513063][124.1542661][124.89987933][124.93521407][125.27226573][165.72457124][125.53543241][125.6241156][125.74989645][126.80823674][127.35077481][127.68840403][128.23672882][128.45316462][128.40841362][128.67173487][129.14778767][129.44012266][129.26898481][128.42932266][54.16366215][128.53563554][128.6356876][129.31911455][129.05020037][129.04962077][129.49622303][129.83349226][129.69205165][127.80255982][127.16098721][127.25575136][127.62800329][127.7464445][127.85599004][128.28449079][128.73956697][129.19199691][128.94471581][128.88501805][128.0424445][127.08120139][174.30929052][127.29120122][124.91134121][125.21203457][126.03452542][126.94754831][126.80372321][125.95202759][321.75372202][126.20879805][125.91689314]
 Actual Values: 
 [33.96] [33.92] [33.62] [33.47] [32.73] [33.11] [33.27] [33.41] [33.33] [33.11] [32.65] [32.71] [32.34] [32.39] [32.16] [31.79] [31.85] [32.16] [31.7] [31.95] [31.82] [31.36] [31.14] [31.43] [31.01] [31.24] [30.31] [30.47] [31.58] [32.62] [32.91] [32.99] [33.26] [33.27] [33.04] [33.56] [33.68] [33.93] [33.58] [33.5] [33.33] [33.19] [33.48] [33.5] [33.09] [33.26] [33.21] [33.26] [32.97] [32.84] [32.38] [32.11] [31.81] [31.64] [31.31] [31.18] [31.02] [32.12] [32.59] [32.57] [32.49] [32.4] [32.24] [32.59] [32.75] [32.99] [32.86] [32.72] [32.93] [32.95] [33.24] [33.09] [33.18] [33.46] [33.49] [33.67] [33.66] [33.83] [33.93] [34.05] [33.96] [34.07] [34.13] [34.62] [34.74] [34.7] [34.66] [34.78] [34.15] [34.5] [34.73] [34.93] [35.14] [35.44] [34.55] [34.2] [34.05] [33.53] [33.51] [34.1] [34.31] [34.21] [33.97] [34.02] [34.27] [33.93] [33.92] [33.65] [33.49] [33.5] [33.73] [33.94] [33.92] [33.96] [34.04] [34.18] [34.35] [34.19] [34.49] [35.21] [34.93] [34.95] [34.89] [35.36] [35.66] [35.61] [35.52] [35.76] [35.03] [35.21] [35.04] [34.81] [35.06] [35.42] [35.42] [35.68] [35.89] [36.11] [36.56] [36.51] [36.36] [36.84] [36.48] [36.2] [36.51] [36.54] [36.3] [36.62] [36.92] [37.0] [37.36] [37.1] [37.41] [37.35] [36.89] [36.62] [36.73] [37.36] [36.87] [36.5] [36.29] [36.06] [36.46] [36.03] [35.6] [35.99] [36.31] [36.09] [36.06] [35.57] [35.74] [35.7] [35.84] [36.12] [35.13] [34.66] [34.6] [34.84] [35.18] [35.53] [35.41] [35.22] [35.29] [35.36] [35.63] [35.69] [36.22] [36.32] [36.89] [36.95] [36.9] [36.98] [37.37] [36.9] [37.03] [37.09] [37.01] [36.02] [35.51] [35.8] [35.83] [35.77] [35.55] [35.27] [35.52] [35.61] [35.55] [35.36] [35.35] [35.58] [35.25] [35.17] [35.23] [34.78] [34.51] [34.28] [33.97] [33.74] [33.47] [33.52] [34.37] [33.81] [33.9] [33.6] [33.99] [34.07] [33.77] [34.23] [34.36] [34.45] [34.67] [35.01] [34.98] [34.65] [35.19] [35.19] [35.37] [35.82] [35.85] [35.39] [35.23] [35.1] [34.8] [34.82] [34.5] [34.27] [34.59] [34.64] [34.7] [34.47] [34.79] [34.77] [35.06] [35.53] [35.41] [35.63] [35.4] [35.73] [35.89] [35.95] [36.1] [36.29] [36.67] [36.1] [36.27] [36.89] [37.5] [37.04] [37.25] [37.53] [37.42] [37.68] [37.83] [37.4] [37.5] [37.44] [37.14] [37.55] [37.64] [38.07] [37.9] [37.85] [37.64] [37.13] [37.39] [37.24] [37.08] [37.12] [37.01] [36.86] [37.0001] [37.12] [37.22] [37.5] [37.58] [37.36] [37.58] [37.22] [37.14] [37.24] [37.56] [38.05] [38.33] [38.21] [38.21] [38.09] [38.36] [38.36] [38.32] [38.27] [37.97] [37.77] [37.46] [37.27] [37.14] [37.6] [37.25] [37.12] [36.91] [36.84] [37.29] [37.19] [37.4] [37.36] [37.15] [37.32] [36.88] [36.68] [36.24] [35.0] [35.17] [34.3] [34.15] [34.1] [34.92] [35.41] [35.1] [35.25] [34.75] [35.18] [35.55] [35.4] [35.18] [35.55] [35.34] [35.39] [35.63] [35.49] [35.97] [36.07] [36.87] [37.05] [37.03] [37.0] [36.81] [37.0] [36.23] [36.28] [35.86] [36.45] [36.37] [36.59] [35.94] [36.54] [36.55] [36.83] [36.95] [37.17] [37.31] [37.25] [37.45] [37.42] [37.7] [37.75] [37.57] [37.6] [37.87] [38.27] [37.71] [37.88] [38.25] [38.36] [38.23] [38.36] [38.38] [38.54] [38.34] [38.4] [39.22] [40.02] [39.65] [40.16] [39.75] [39.81] [39.85] [39.94] [40.1] [40.02] [40.43] [40.44] [40.55] [40.17] [40.07] [40.29] [40.18] [40.1] [40.59] [40.71] [40.75] [40.8] [40.84] [41.19] [41.63] [41.2] [41.2] [41.23] [41.29] [41.32] [41.54] [42.22] [42.05] [41.34] [41.44] [41.69] [41.69] [42.42] [43.23] [43.01] [42.5] [42.14] [41.98] [41.79] [41.76] [41.87] [41.85] [42.02] [42.25] [42.65] [42.85] [42.61] [43.53] [43.61] [43.0] [42.08] [41.73] [41.79] [41.54] [41.78] [41.99] [41.87] [41.88] [41.73] [41.59] [41.83] [40.93] [40.48] [40.49] [40.72] [40.47] [41.44] [41.2] [41.82] [41.9] [42.08] [42.11] [42.39] [42.3] [42.6] [42.71] [42.47] [42.59] [42.74] [42.91] [42.8] [42.7] [43.0] [43.16] [43.39] [43.22] [43.13] [43.38] [43.61] [43.7] [43.33] [43.19] [43.6] [44.07] [44.39] [44.8] [44.95] [45.03] [45.27] [44.79] [45.54] [45.42] [45.63] [46.11999999999999] [45.98] [45.76] [45.68] [46.39] [46.44] [46.08] [46.69] [46.7] [46.56] [46.1] [45.64] [44.86] [45.42] [45.72] [46.54] [47.010000000000005] [47.58] [47.23] [47.55] [47.87] [47.66] [47.52] [47.93000000000001] [48.29] [49.01] [49.77] [49.84] [49.56] [49.92] [49.83] [49.2] [49.57000000000001] [49.45] [48.739999999999995] [49.2] [49.23] [48.9] [49.09] [49.52] [49.25] [49.46] [49.97] [50.13] [50.35] [50.51] [51.0] [50.92] [51.11] [50.67] [50.85] [49.93] [49.86] [49.85] [49.2] [49.540000000000006] [50.43000000000001] [51.28] [49.98] [50.37] [50.65] [50.35] [50.36] [50.15] [49.91] [49.3] [48.64] [49.0] [49.33] [50.25999999999999] [50.98] [50.79] [51.16] [51.0] [51.96] [52.35] [53.96] [53.76] [54.65] [54.68] [54.21] [54.03] [54.75] [53.94] [54.06] [53.25] [53.83] [54.18] [54.36999999999999] [53.52] [53.16] [53.5] [53.94] [54.81] [55.49000000000001] [54.45] [54.9] [55.41] [55.43] [55.74] [55.67] [55.81] [55.73] [56.09] [56.43] [56.5] [56.27] [56.04] [55.28] [53.72] [53.47999999999999] [53.42] [52.09] [51.93] [51.76] [51.82] [51.36] [51.23] [51.36] [51.31] [51.52] [51.269999999999996] [49.68] [49.92] [50.71] [50.52000000000001] [50.16] [50.42] [51.02] [51.61] [51.55] [51.65] [52.15] [52.35] [51.68] [52.11] [51.98] [51.93] [52.0] [52.77] [52.08] [52.040000000000006] [52.51] [52.14] [51.25] [51.39] [50.15] [50.12] [50.9] [50.5] [50.43000000000001] [50.48] [51.61] [52.2] [50.79] [51.23] [51.41] [52.56] [52.61] [52.03] [51.94] [51.84] [51.5] [51.23] [51.4] [51.94] [51.45] [51.29] [51.04] [50.91] [50.25999999999999] [49.71] [48.17] [48.35] [48.67999999999999] [48.7] [48.26] [47.71] [47.66] [48.01] [48.67999999999999] [49.29] [49.58] [49.99] [49.12] [49.06] [49.29] [49.25] [48.97] [49.09] [49.28] [48.88000000000001] [49.97] [51.32] [51.63] [51.48] [51.56] [51.33] [51.36] [51.58] [52.77] [53.24] [53.67] [53.66] [53.95] [53.769999999999996] [53.53] [54.1] [55.51] [53.73] [54.55] [54.42999999999999] [54.55] [55.13] [55.65] [55.5] [55.7] [55.43] [55.31] [55.51] [55.57] [55.5] [55.58] [55.0] [54.34] [54.22] [48.709999999999994] [53.51] [53.0] [53.66] [53.7] [53.97] [52.72] [52.56] [53.4] [53.0] [52.96000000000001] [53.98] [52.98] [52.69] [52.72] [52.69] [55.5] [55.22] [54.0] [54.49] [54.19] [54.07] [54.14] [54.77] [54.34] [54.64] [54.82] [54.46] [53.82] [55.24] [55.59] [55.41] [55.87] [56.6] [56.85] [57.55] [57.43] [57.97] [58.27] [58.67] [59.67] [59.74] [60.1] [61.51] [61.36] [61.06] [61.33] [61.46] [61.2] [60.82] [59.94] [57.89] [58.4] [57.75] [56.78] [57.01] [57.0] [57.15] [56.76] [56.28] [56.85] [56.89] [57.22] [57.55] [57.32] [57.39] [57.6] [57.59] [57.96] [57.66] [57.89] [57.7] [57.46] [58.59] [58.18] [58.02] [57.48] [56.72] [56.39] [57.78] [57.72] [58.79] [58.13] [57.43] [57.17] [57.94] [58.32] [58.11] [58.59] [58.98] [58.51] [57.54] [57.48] [58.05] [57.92] [58.3] [58.68] [59.96] [59.35] [57.7] [57.05] [57.78] [57.57] [57.48] [58.15] [58.49] [58.71] [58.99] [58.11] [60.22] [60.73] [60.44] [60.5] [59.35] [59.8] [59.11] [60.15] [60.61] [59.57] [60.33] [60.26] [60.47] [60.32] [60.62] [61.02] [61.22] [61.2] [61.5] [62.53] [61.51] [62.13] [61.48] [61.5] [62.15] [62.86] [61.77] [62.64] [62.91] [62.8] [62.14] [61.69] [61.83] [62.07] [62.39] [61.45] [61.45] [60.86] [60.81] [60.87] [61.86] [62.16] [62.58] [62.35] [63.03] [63.04] [63.0] [63.22] [63.42] [64.11000000000001] [63.6] [64.11000000000001] [62.19] [61.71] [61.63] [61.99] [61.57] [61.35] [60.24] [60.5] [61.27] [61.44] [61.6] [62.28] [62.83] [63.05] [62.94] [62.67] [62.72] [63.16] [63.980000000000004] [64.53] [64.66] [64.7] [64.3] [64.45] [63.71] [62.88] [63.59] [62.99] [63.59] [63.79] [63.85] [64.06] [64.12] [63.68] [64.26000000000002] [64.5] [65.46000000000001] [65.22] [65.02] [65.5] [65.56] [65.5] [64.97] [65.43] [65.33] [65.85] [65.77] [66.29] [66.36] [66.49] [65.14] [67.07] [67.69] [68.24] [67.9] [69.28] [69.12] [69.57] [69.9] [69.44] [69.9] [69.65] [68.9] [68.88] [69.17000000000002] [69.31] [68.81] [69.24] [68.94999999999999] [68.94] [68.78] [68.79] [68.64] [66.81] [67.2] [67.66] [67.88] [67.26] [66.55] [66.64] [66.32] [66.55] [66.67] [67.06] [66.95] [66.67] [66.08] [66.42] [66.46] [66.4] [66.39] [66.58] [66.28] [66.25] [65.97] [65.83] [66.12] [65.71] [65.91] [66.61] [66.89] [67.12] [66.84] [66.06] [63.52] [64.21] [63.58] [62.92] [63.02] [62.82] [62.8] [62.83] [63.75] [64.37] [63.82999999999999] [63.28] [63.52] [63.52] [63.09] [63.04] [62.7] [61.58] [61.0] [62.08] [62.18] [62.52] [62.2] [62.46] [62.66] [62.44] [62.78] [62.26] [61.85] [63.81] [63.86999999999999] [65.04] [64.56] [64.06] [64.86] [65.87] [66.19] [65.28] [65.09] [64.88] [64.6] [65.29] [64.14000000000001] [63.32] [61.94] [61.39] [61.02] [61.79] [62.66] [62.75] [62.83] [64.0] [63.989999999999995] [64.26000000000002] [64.47] [64.72] [64.73] [63.51] [62.96] [63.919999999999995] [63.4] [64.49] [65.03] [65.48] [66.3] [66.5] [66.86] [65.69] [66.25] [67.37] [66.91] [67.47] [67.1] [67.74] [67.8] [67.57] [67.27000000000001] [67.97] [67.74] [68.17] [67.97] [67.94] [68.23] [68.14] [67.78] [67.47] [67.48000000000002] [67.82] [68.56] [69.14] [69.66] [70.22] [70.55000000000001] [71.04] [71.07] [70.85] [70.98] [71.33] [69.96] [71.66] [71.49] [71.4] [71.53] [72.10999999999999] [72.07] [72.39000000000001] [72.47] [72.0] [71.72] [72.16999999999999] [72.4] [72.79] [73.55] [73.81] [74.36] [74.48] [74.32] [74.98] [75.52000000000001] [75.8] [75.55000000000001] [75.26999999999998] [75.78999999999999] [75.99] [76.42] [75.94] [75.71] [75.58000000000001] [75.83] [75.42] [75.26] [75.72] [76.07] [73.91999999999999] [73.67] [72.72] [72.97] [73.12] [72.89] [72.03] [71.6] [71.72] [72.26] [71.9] [71.48] [71.98] [71.78] [72.25] [71.94] [71.33] [72.3] [72.28] [71.56] [71.35] [71.89] [72.54000000000002] [72.4] [71.5] [71.4] [71.75] [70.05] [70.69999999999999] [70.47] [70.55000000000001] [70.82] [70.85] [70.26999999999998] [70.08] [70.43] [70.38] [70.8] [70.85] [70.63] [70.47] [71.0] [72.09] [72.41] [73.03] [74.08] [74.56] [75.23999999999998] [75.08] [75.32999999999998] [75.14] [74.88] [75.2] [75.54] [75.06] [75.38] [74.72] [75.34] [75.62] [76.67] [77.38] [77.63] [77.4] [76.98] [76.4] [76.54] [76.37] [75.75] [75.54] [74.68] [74.71] [74.51] [74.35] [74.6] [74.36] [73.85] [73.72] [73.85999999999999] [73.70010000000002] [73.78] [73.24] [73.42] [73.5] [73.44] [73.33] [73.0] [72.23] [71.03] [73.99] [65.45] [65.2] [65.72] [65.86] [65.86] [65.52000000000001] [65.91] [65.43] [65.15] [65.08] [64.37] [64.92] [65.18] [65.45] [64.23000000000002] [63.6] [64.39] [63.95] [63.81] [63.88999999999999] [64.0] [63.62] [63.919999999999995] [64.23000000000002] [63.5] [63.31] [62.91] [63.45] [62.68] [62.59] [62.44] [62.75] [62.12] [62.33] [62.01] [62.55] [62.3] [61.11] [61.55] [62.51] [64.15] [64.48] [64.49] [64.19] [63.35] [62.94] [63.45] [63.72] [63.69] [62.83] [64.08] [65.13] [64.67] [65.58000000000001] [65.05] [65.22] [64.8] [64.33] [64.49] [64.99] [64.39] [64.20000000000002] [64.34] [65.55000000000001] [64.75] [63.989999999999995] [64.56] [64.57] [64.03] [63.69] [63.25] [64.25] [64.41] [64.29000000000002] [65.05] [65.75] [65.69] [65.44] [65.53] [66.26] [65.86] [65.72999999999999] [65.6] [65.41] [65.28] [66.23] [67.6] [67.96] [68.65] [70.07] [70.28] [71.44] [71.5] [71.58] [71.7] [71.84] [72.22] [72.26] [71.98] [73.82] [73.16] [72.53] [71.87] [71.97] [72.2] [72.41] [71.29] [71.51] [70.66] [70.6] [70.33] [70.2] [70.59] [69.82] [70.31] [70.20999999999998] [69.84] [69.12] [69.99] [70.84] [71.1] [71.36] [71.47] [71.51] [70.04] [70.68] [69.82] [69.87] [69.9] [69.9] [68.44] [64.79] [66.45] [66.66] [64.53] [64.47] [65.0] [65.38] [65.35] [65.35] [65.1] [64.19] [64.04] [63.72] [64.8] [65.32] [64.21] [62.75] [62.31] [62.59] [64.37] [64.33] [64.22] [65.71] [65.78] [66.22] [65.69999999999999] [63.66] [63.89999999999999] [63.15] [62.69] [61.08] [59.82] [60.67] [59.88] [59.72] [61.15] [62.6] [62.52] [60.94] [62.27] [63.67] [64.48] [63.88999999999999] [64.03] [64.15] [64.22] [63.84] [64.18] [64.49] [62.92] [60.51] [57.63] [57.05] [56.69] [55.230000000000004] [55.91] [54.7] [56.75] [55.72] [56.15] [55.71] [56.15] [56.26] [55.49000000000001] [55.379999999999995] [56.0] [55.87] [55.21] [54.67] [54.71] [55.14] [55.34] [55.62] [55.6] [55.27] [55.95] [55.87] [55.260000000000005] [55.92] [56.41] [55.91] [55.7] [56.07] [56.35] [56.28] [56.73] [57.78] [58.25] [57.91] [56.8] [56.51] [57.38] [56.48] [56.92] [56.79] [56.79] [56.8] [56.88] [56.17] [56.48] [57.36] [56.4] [56.08] [56.45] [57.75] [58.29] [58.47] [58.8] [58.82] [58.06] [58.34] [57.15] [57.17] [56.67] [56.77] [57.57] [57.61] [58.05] [56.34] [56.36] [57.73] [58.73] [58.52] [58.13] [58.88] [59.64] [60.05] [59.36] [58.51] [59.21] [59.04] [59.12] [59.07] [60.38] [60.92] [61.0] [60.94] [60.07] [59.3] [59.25] [58.81] [59.0] [58.48] [58.32] [58.55] [58.64] [59.08] [60.62] [60.51] [61.02] [60.56] [59.51] [62.41] [61.64] [62.07] [62.67] [61.88] [62.0] [62.45] [62.06] [61.6] [61.03] [60.79] [60.84] [60.34] [60.25] [61.42] [60.45] [61.75] [62.35] [63.23] [63.2] [62.91] [60.32] [60.19] [61.14] [60.67] [61.2] [60.96] [61.95] [61.25] [62.03] [61.5] [63.88999999999999] [63.39] [64.91] [65.5] [64.7] [63.6] [63.86999999999999] [64.35] [65.26] [65.13] [65.46000000000001] [61.3] [61.15] [60.54] [58.77] [57.17] [56.94] [55.83] [55.74] [54.49] [53.620000000000005] [53.34] [53.79] [55.48] [55.91] [54.7] [55.79] [54.39999999999999] [55.42] [54.41] [53.75] [54.44] [53.36] [53.51] [52.7] [52.36] [51.17999999999999] [50.49000000000001] [48.97] [47.75999999999999] [47.48] [48.08] [49.4] [49.07] [48.91] [48.8] [49.49] [49.68] [49.26] [49.19] [49.83] [49.0] [48.96] [48.1] [47.84] [47.0] [47.52] [47.36] [45.01] [44.56] [43.72] [44.58] [45.69] [46.17] [49.17] [49.53] [48.9] [49.12] [49.16] [49.16] [48.59] [48.92] [48.97] [49.77] [48.99] [49.29] [48.82] [49.23] [50.39] [50.65] [52.05] [51.92] [52.4] [52.41] [52.67] [52.95] [52.31] [53.25] [54.88] [54.73] [55.31999999999999] [56.11] [55.66] [56.08] [56.76] [56.83] [57.3] [55.99] [55.51] [56.02] [55.67] [56.85] [56.79] [56.32] [56.83] [57.38] [57.85] [55.73] [54.34] [54.5] [54.77] [55.14] [55.260000000000005] [55.64] [56.04] [56.68] [56.7] [56.75] [56.16] [54.03] [54.7] [54.5601] [52.09] [51.54] [52.9] [53.82] [54.52] [53.06] [53.45] [53.11] [53.27] [52.59] 
 ---------